run_id,timestamp,parent_run_id,category,prompt_summary,author,file_name,original_file,modified_file,ai_tool,rf_orig_pred,rf_orig_conf,rf_mod_pred,rf_mod_conf,rf_evasion,nb_orig_pred,nb_orig_conf,nb_mod_pred,nb_mod_conf,nb_evasion,sgd_orig_pred,sgd_orig_conf,sgd_mod_pred,sgd_mod_conf,sgd_evasion,nn_orig_pred,nn_orig_conf,nn_mod_pred,nn_mod_conf,nn_evasion,l1_distance,l2_distance,cosine_distance,relative_l2,js_divergence,features_changed_pct,max_feature_change,avg_feature_change,stealth_score,stealth_category,orig_accuracy_rate,mod_accuracy_rate,evasion_count,evasion_rate_pct,consensus_prediction,result_type,json_path,notes
control_flow_20260303_61d2,2026-03-03T08:20:27.485024,,control_flow,Rewrite the control flow of this Python code to disguise the author's style. Convert for loops to list comprehensions or vice versa. Replace if/elif chains with dictionary dispatch or match/case. Swap,aleju,check_bb_augmentation.py,C:\Users\ees10\Documents\Repos\Adversarial_Stylometry\dataset_splits\aleju\testing\check_bb_augmentation.py,C:\Users\ees10\Documents\Repos\Adversarial_Stylometry\automation\modified_files\batch_control_flow_20260303_a596\modified_check_bb_augmentation.py,ollama/qwen3.5:9b,aleju,0.9705,aleju,0.9705,False,aleju,1.0000,aleju,1.0000,False,aleju,0.9123,aleju,0.9157,False,aleju,1.0000,aleju,1.0000,False,0.5081,0.1477,0.0109,0.1477,0.0074,0.0500,0.1370,0.0000,0.0491,high,100.0000,100.0000,0,0.0000,aleju,failed,,batch=batch_control_flow_20260303_a596
control_flow_20260303_ea3f,2026-03-03T08:20:45.160465,,control_flow,Rewrite the control flow of this Python code to disguise the author's style. Convert for loops to list comprehensions or vice versa. Replace if/elif chains with dictionary dispatch or match/case. Swap,aleju,check_impulse_noise.py,C:\Users\ees10\Documents\Repos\Adversarial_Stylometry\dataset_splits\aleju\testing\check_impulse_noise.py,C:\Users\ees10\Documents\Repos\Adversarial_Stylometry\automation\modified_files\batch_control_flow_20260303_a596\modified_check_impulse_noise.py,ollama/qwen3.5:9b,aleju,0.9938,aleju,0.9888,False,aleju,1.0000,aleju,1.0000,False,aleju,0.8680,aleju,0.8679,False,aleju,0.9990,aleju,0.9990,False,0.0168,0.0162,0.0001,0.0162,0.0015,0.0083,0.0162,0.0000,0.0052,high,100.0000,100.0000,0,0.0000,aleju,failed,,batch=batch_control_flow_20260303_a596
control_flow_20260303_7752,2026-03-03T08:21:08.244921,,control_flow,Rewrite the control flow of this Python code to disguise the author's style. Convert for loops to list comprehensions or vice versa. Replace if/elif chains with dictionary dispatch or match/case. Swap,aleju,check_polygons_stay_valid_during_augmentation.py,C:\Users\ees10\Documents\Repos\Adversarial_Stylometry\dataset_splits\aleju\testing\check_polygons_stay_valid_during_augmentation.py,C:\Users\ees10\Documents\Repos\Adversarial_Stylometry\automation\modified_files\batch_control_flow_20260303_a596\modified_check_polygons_stay_valid_during_augmentation.py,ollama/qwen3.5:9b,aleju,0.9155,aleju,0.9155,False,aleju,1.0000,aleju,1.0000,False,aleju,0.8695,aleju,0.8675,False,aleju,0.9998,aleju,0.9998,False,0.3099,0.1092,0.0060,0.1092,0.0128,0.1083,0.0931,0.0000,0.0373,high,100.0000,100.0000,0,0.0000,aleju,failed,,batch=batch_control_flow_20260303_a596
control_flow_20260303_3de6,2026-03-03T08:21:35.980336,,control_flow,Rewrite the control flow of this Python code to disguise the author's style. Convert for loops to list comprehensions or vice versa. Replace if/elif chains with dictionary dispatch or match/case. Swap,aleju,check_rot90.py,C:\Users\ees10\Documents\Repos\Adversarial_Stylometry\dataset_splits\aleju\testing\check_rot90.py,C:\Users\ees10\Documents\Repos\Adversarial_Stylometry\automation\modified_files\batch_control_flow_20260303_a596\modified_check_rot90.py,ollama/qwen3.5:9b,aleju,0.9988,aleju,0.9988,False,aleju,1.0000,aleju,1.0000,False,aleju,0.8258,aleju,0.8225,False,aleju,0.9976,aleju,0.9974,False,0.0922,0.0402,0.0008,0.0402,0.0037,0.0333,0.0296,0.0000,0.0131,high,100.0000,100.0000,0,0.0000,aleju,failed,,batch=batch_control_flow_20260303_a596
control_flow_20260303_2799,2026-03-03T08:22:14.383153,,control_flow,Rewrite the control flow of this Python code to disguise the author's style. Convert for loops to list comprehensions or vice versa. Replace if/elif chains with dictionary dispatch or match/case. Swap,aleju,geometric.py,C:\Users\ees10\Documents\Repos\Adversarial_Stylometry\dataset_splits\aleju\testing\geometric.py,C:\Users\ees10\Documents\Repos\Adversarial_Stylometry\automation\modified_files\batch_control_flow_20260303_a596\modified_geometric.py,ollama/qwen3.5:9b,aleju,0.9902,UNKNOWN,0.5800,True,aleju,1.0000,aleju,0.9901,False,aleju,0.9075,aleju,0.4610,False,aleju,1.0000,UNKNOWN,0.5728,True,30.1959,1.3069,0.8540,1.3069,0.6093,6.5500,0.3325,0.0025,0.6912,low,100.0000,50.0000,2,50.0000,UNKNOWN,partial_evasion,,batch=batch_control_flow_20260303_a596
control_flow_20260303_3602,2026-03-03T08:23:09.765765,,control_flow,"Target Naive Bayes and SGD Classifier evasion by manipulating TF-IDF token distributions. Apply:
1. Control flow restructuring (loops ↔ comprehensions, if-elif ↔ dict dispatch).
2. Semantic variable r",aleju,check_bb_augmentation.py,C:\Users\ees10\Documents\Repos\Adversarial_Stylometry\dataset_splits\aleju\testing\check_bb_augmentation.py,C:\Users\ees10\Documents\Repos\Adversarial_Stylometry\automation\modified_files\batch_control_flow_20260303_6a9a\modified_check_bb_augmentation.py,ollama/qwen3.5:9b,aleju,0.9705,aleju,0.7667,False,aleju,1.0000,aleju,1.0000,False,aleju,0.9123,aleju,0.8056,False,aleju,1.0000,aleju,1.0000,False,5.2232,0.9544,0.4554,0.9544,0.1603,0.8667,0.5801,0.0004,0.4567,medium,100.0000,100.0000,0,0.0000,aleju,failed,,batch=batch_control_flow_20260303_6a9a
control_flow_20260303_c7d7,2026-03-03T08:23:29.945013,,control_flow,"Target Naive Bayes and SGD Classifier evasion by manipulating TF-IDF token distributions. Apply:
1. Control flow restructuring (loops ↔ comprehensions, if-elif ↔ dict dispatch).
2. Semantic variable r",aleju,check_impulse_noise.py,C:\Users\ees10\Documents\Repos\Adversarial_Stylometry\dataset_splits\aleju\testing\check_impulse_noise.py,C:\Users\ees10\Documents\Repos\Adversarial_Stylometry\automation\modified_files\batch_control_flow_20260303_6a9a\modified_check_impulse_noise.py,ollama/qwen3.5:9b,aleju,0.9938,aleju,0.9741,False,aleju,1.0000,aleju,1.0000,False,aleju,0.8680,aleju,0.8982,False,aleju,0.9990,aleju,0.9997,False,3.4519,0.8659,0.3749,0.8659,0.1821,0.5583,0.5501,0.0003,0.4098,medium,100.0000,100.0000,0,0.0000,aleju,failed,,batch=batch_control_flow_20260303_6a9a
control_flow_20260303_26f7,2026-03-03T08:23:55.349574,,control_flow,"Target Naive Bayes and SGD Classifier evasion by manipulating TF-IDF token distributions. Apply:
1. Control flow restructuring (loops ↔ comprehensions, if-elif ↔ dict dispatch).
2. Semantic variable r",aleju,check_polygons_stay_valid_during_augmentation.py,C:\Users\ees10\Documents\Repos\Adversarial_Stylometry\dataset_splits\aleju\testing\check_polygons_stay_valid_during_augmentation.py,C:\Users\ees10\Documents\Repos\Adversarial_Stylometry\automation\modified_files\batch_control_flow_20260303_6a9a\modified_check_polygons_stay_valid_during_augmentation.py,ollama/qwen3.5:9b,aleju,0.9155,aleju,0.9106,False,aleju,1.0000,aleju,1.0000,False,aleju,0.8695,aleju,0.8959,False,aleju,0.9998,aleju,1.0000,False,4.6230,0.8163,0.3331,0.8163,0.0891,0.8833,0.5341,0.0004,0.3644,medium,100.0000,100.0000,0,0.0000,aleju,failed,,batch=batch_control_flow_20260303_6a9a
control_flow_20260303_b4d6,2026-03-03T08:24:47.355291,,control_flow,"Target Naive Bayes and SGD Classifier evasion by manipulating TF-IDF token distributions. Apply:
1. Control flow restructuring (loops ↔ comprehensions, if-elif ↔ dict dispatch).
2. Semantic variable r",aleju,check_rot90.py,C:\Users\ees10\Documents\Repos\Adversarial_Stylometry\dataset_splits\aleju\testing\check_rot90.py,C:\Users\ees10\Documents\Repos\Adversarial_Stylometry\automation\modified_files\batch_control_flow_20260303_6a9a\modified_check_rot90.py,ollama/qwen3.5:9b,aleju,0.9988,aleju,0.9790,False,aleju,1.0000,aleju,1.0000,False,aleju,0.8258,aleju,0.8124,False,aleju,0.9976,aleju,0.9963,False,0.6053,0.1193,0.0071,0.1193,0.0447,0.1583,0.0592,0.0001,0.0472,high,100.0000,100.0000,0,0.0000,aleju,failed,,batch=batch_control_flow_20260303_6a9a
control_flow_20260303_61b6,2026-03-03T08:26:19.101289,,control_flow,"Target Naive Bayes and SGD Classifier evasion by manipulating TF-IDF token distributions. Apply:
1. Control flow restructuring (loops ↔ comprehensions, if-elif ↔ dict dispatch).
2. Semantic variable r",aleju,geometric.py,C:\Users\ees10\Documents\Repos\Adversarial_Stylometry\dataset_splits\aleju\testing\geometric.py,C:\Users\ees10\Documents\Repos\Adversarial_Stylometry\automation\modified_files\batch_control_flow_20260303_6a9a\modified_geometric.py,ollama/qwen3.5:9b,aleju,0.9902,aleju,0.6297,False,aleju,1.0000,aleju,1.0000,False,aleju,0.9075,aleju,0.8856,False,aleju,1.0000,aleju,1.0000,False,20.3140,0.8585,0.3685,0.8585,0.2342,4.5750,0.3003,0.0017,0.4241,medium,100.0000,100.0000,0,0.0000,aleju,failed,,batch=batch_control_flow_20260303_6a9a
control_flow_20260303_957b,2026-03-03T08:27:21.381243,,control_flow,"Transform Python code to evade Random Forest, Naive Bayes, SGD, and Neural Network classifiers while maintaining functionality and stealth (score <0.5).

1. **Aggressive Token Shifting:** Rename gener",aleju,check_bb_augmentation.py,C:\Users\ees10\Documents\Repos\Adversarial_Stylometry\dataset_splits\aleju\testing\check_bb_augmentation.py,C:\Users\ees10\Documents\Repos\Adversarial_Stylometry\automation\modified_files\batch_control_flow_20260303_71e2\modified_check_bb_augmentation.py,ollama/qwen3.5:9b,aleju,0.9705,aleju,0.9606,False,aleju,1.0000,aleju,1.0000,False,aleju,0.9123,aleju,0.9165,False,aleju,1.0000,aleju,1.0000,False,3.3590,0.5861,0.1717,0.5861,0.0857,0.4500,0.3838,0.0003,0.2454,medium,100.0000,100.0000,0,0.0000,aleju,failed,,batch=batch_control_flow_20260303_71e2
control_flow_20260303_bd4d,2026-03-03T08:27:37.105102,,control_flow,"Transform Python code to evade Random Forest, Naive Bayes, SGD, and Neural Network classifiers while maintaining functionality and stealth (score <0.5).

1. **Aggressive Token Shifting:** Rename gener",aleju,check_impulse_noise.py,C:\Users\ees10\Documents\Repos\Adversarial_Stylometry\dataset_splits\aleju\testing\check_impulse_noise.py,C:\Users\ees10\Documents\Repos\Adversarial_Stylometry\automation\modified_files\batch_control_flow_20260303_71e2\modified_check_impulse_noise.py,ollama/qwen3.5:9b,aleju,0.9938,aleju,0.6173,False,aleju,1.0000,aleju,1.0000,False,aleju,0.8680,aleju,0.7436,False,aleju,0.9990,aleju,0.9994,False,5.5472,1.0876,0.5914,1.0876,0.3577,0.7083,0.6013,0.0005,0.5504,low,100.0000,100.0000,0,0.0000,aleju,failed,,batch=batch_control_flow_20260303_71e2
control_flow_20260303_2fbb,2026-03-03T08:28:02.282351,,control_flow,"Transform Python code to evade Random Forest, Naive Bayes, SGD, and Neural Network classifiers while maintaining functionality and stealth (score <0.5).

1. **Aggressive Token Shifting:** Rename gener",aleju,check_polygons_stay_valid_during_augmentation.py,C:\Users\ees10\Documents\Repos\Adversarial_Stylometry\dataset_splits\aleju\testing\check_polygons_stay_valid_during_augmentation.py,C:\Users\ees10\Documents\Repos\Adversarial_Stylometry\automation\modified_files\batch_control_flow_20260303_71e2\modified_check_polygons_stay_valid_during_augmentation.py,ollama/qwen3.5:9b,aleju,0.9155,aleju,0.6080,False,aleju,1.0000,aleju,1.0000,False,aleju,0.8695,aleju,0.7896,False,aleju,0.9998,aleju,0.9999,False,5.3345,0.8731,0.3812,0.8731,0.1302,0.9000,0.5341,0.0004,0.4041,medium,100.0000,100.0000,0,0.0000,aleju,failed,,batch=batch_control_flow_20260303_71e2
control_flow_20260303_8cc8,2026-03-03T08:28:33.812989,,control_flow,"Transform Python code to evade Random Forest, Naive Bayes, SGD, and Neural Network classifiers while maintaining functionality and stealth (score <0.5).

1. **Aggressive Token Shifting:** Rename gener",aleju,check_rot90.py,C:\Users\ees10\Documents\Repos\Adversarial_Stylometry\dataset_splits\aleju\testing\check_rot90.py,C:\Users\ees10\Documents\Repos\Adversarial_Stylometry\automation\modified_files\batch_control_flow_20260303_71e2\modified_check_rot90.py,ollama/qwen3.5:9b,aleju,0.9988,aleju,0.9193,False,aleju,1.0000,aleju,1.0000,False,aleju,0.8258,aleju,0.8052,False,aleju,0.9976,aleju,0.9957,False,0.6333,0.1312,0.0086,0.1312,0.0479,0.1667,0.0592,0.0001,0.0518,high,100.0000,100.0000,0,0.0000,aleju,failed,,batch=batch_control_flow_20260303_71e2
control_flow_20260303_836d,2026-03-03T08:29:04.823482,,control_flow,"Transform Python code to evade Random Forest, Naive Bayes, SGD, and Neural Network classifiers while maintaining functionality and stealth (score <0.5).

1. **Aggressive Token Shifting:** Rename gener",aleju,geometric.py,C:\Users\ees10\Documents\Repos\Adversarial_Stylometry\dataset_splits\aleju\testing\geometric.py,C:\Users\ees10\Documents\Repos\Adversarial_Stylometry\automation\modified_files\batch_control_flow_20260303_71e2\modified_geometric.py,ollama/qwen3.5:9b,aleju,0.9902,aleju,0.5146,False,aleju,1.0000,aleju,1.0000,False,aleju,0.9075,aleju,0.8833,False,aleju,1.0000,aleju,0.9992,False,28.2221,1.3335,0.8891,1.3335,0.6398,6.2417,0.5067,0.0024,0.7072,low,100.0000,100.0000,0,0.0000,aleju,failed,,batch=batch_control_flow_20260303_71e2
control_flow_20260303_8875,2026-03-03T08:29:59.604621,,control_flow,"Evade all classifiers while maintaining stealth score <0.5 by surgically shifting feature distributions.
1. High-Frequency Token Shift: Rename only high-frequency public identifiers (arguments, functi",aleju,check_bb_augmentation.py,C:\Users\ees10\Documents\Repos\Adversarial_Stylometry\dataset_splits\aleju\testing\check_bb_augmentation.py,C:\Users\ees10\Documents\Repos\Adversarial_Stylometry\automation\modified_files\batch_control_flow_20260303_aa69\modified_check_bb_augmentation.py,ollama/qwen3.5:9b,aleju,0.9705,aleju,0.9705,False,aleju,1.0000,aleju,1.0000,False,aleju,0.9123,aleju,0.9194,False,aleju,1.0000,aleju,1.0000,False,2.3970,0.6248,0.1952,0.6248,0.0395,0.5917,0.5801,0.0002,0.2551,medium,100.0000,100.0000,0,0.0000,aleju,failed,,batch=batch_control_flow_20260303_aa69
control_flow_20260303_c9b6,2026-03-03T08:30:14.260756,,control_flow,"Evade all classifiers while maintaining stealth score <0.5 by surgically shifting feature distributions.
1. High-Frequency Token Shift: Rename only high-frequency public identifiers (arguments, functi",aleju,check_impulse_noise.py,C:\Users\ees10\Documents\Repos\Adversarial_Stylometry\dataset_splits\aleju\testing\check_impulse_noise.py,C:\Users\ees10\Documents\Repos\Adversarial_Stylometry\automation\modified_files\batch_control_flow_20260303_aa69\modified_check_impulse_noise.py,ollama/qwen3.5:9b,aleju,0.9938,aleju,0.9988,False,aleju,1.0000,aleju,1.0000,False,aleju,0.8680,aleju,0.8465,False,aleju,0.9990,aleju,0.9960,False,2.7421,1.0729,0.5755,1.0729,0.2334,0.1750,0.7115,0.0002,0.5197,low,100.0000,100.0000,0,0.0000,aleju,failed,,batch=batch_control_flow_20260303_aa69
control_flow_20260303_8c38,2026-03-03T08:30:35.357726,,control_flow,"Evade all classifiers while maintaining stealth score <0.5 by surgically shifting feature distributions.
1. High-Frequency Token Shift: Rename only high-frequency public identifiers (arguments, functi",aleju,check_polygons_stay_valid_during_augmentation.py,C:\Users\ees10\Documents\Repos\Adversarial_Stylometry\dataset_splits\aleju\testing\check_polygons_stay_valid_during_augmentation.py,C:\Users\ees10\Documents\Repos\Adversarial_Stylometry\automation\modified_files\batch_control_flow_20260303_aa69\modified_check_polygons_stay_valid_during_augmentation.py,ollama/qwen3.5:9b,aleju,0.9155,aleju,0.8702,False,aleju,1.0000,aleju,1.0000,False,aleju,0.8695,aleju,0.8794,False,aleju,0.9998,aleju,0.9999,False,3.7349,0.5567,0.1550,0.5567,0.1100,0.7583,0.2593,0.0003,0.2370,medium,100.0000,100.0000,0,0.0000,aleju,failed,,batch=batch_control_flow_20260303_aa69
control_flow_20260303_4fa2,2026-03-03T08:31:05.140950,,control_flow,"Evade all classifiers while maintaining stealth score <0.5 by surgically shifting feature distributions.
1. High-Frequency Token Shift: Rename only high-frequency public identifiers (arguments, functi",aleju,check_rot90.py,C:\Users\ees10\Documents\Repos\Adversarial_Stylometry\dataset_splits\aleju\testing\check_rot90.py,C:\Users\ees10\Documents\Repos\Adversarial_Stylometry\automation\modified_files\batch_control_flow_20260303_aa69\modified_check_rot90.py,ollama/qwen3.5:9b,aleju,0.9988,aleju,0.9741,False,aleju,1.0000,aleju,1.0000,False,aleju,0.8258,aleju,0.8171,False,aleju,0.9976,aleju,0.9968,False,0.3392,0.0803,0.0032,0.0803,0.0258,0.1250,0.0361,0.0000,0.0305,high,100.0000,100.0000,0,0.0000,aleju,failed,,batch=batch_control_flow_20260303_aa69
control_flow_20260303_1e45,2026-03-03T08:31:44.646366,,control_flow,"Evade all classifiers while maintaining stealth score <0.5 by surgically shifting feature distributions.
1. High-Frequency Token Shift: Rename only high-frequency public identifiers (arguments, functi",aleju,geometric.py,C:\Users\ees10\Documents\Repos\Adversarial_Stylometry\dataset_splits\aleju\testing\geometric.py,C:\Users\ees10\Documents\Repos\Adversarial_Stylometry\automation\modified_files\batch_control_flow_20260303_aa69\modified_geometric.py,ollama/qwen3.5:9b,aleju,0.9902,aleju,0.5686,False,aleju,1.0000,aleju,1.0000,False,aleju,0.9075,aleju,0.7701,False,aleju,1.0000,aleju,0.9796,False,29.5294,1.2533,0.7853,1.2533,0.5470,7.0417,0.3241,0.0025,0.6591,low,100.0000,100.0000,0,0.0000,aleju,failed,,batch=batch_control_flow_20260303_aa69
control_flow_20260303_a59f,2026-03-03T08:33:01.913056,,control_flow,"Transform Python code to evade RF, NB, SGD, and NN classifiers with stealth score <0.5. Preserve exact functionality strictly. 1. Localized Structural Refactors: Convert `for` loops to comprehensions ",aleju,check_bb_augmentation.py,C:\Users\ees10\Documents\Repos\Adversarial_Stylometry\dataset_splits\aleju\testing\check_bb_augmentation.py,C:\Users\ees10\Documents\Repos\Adversarial_Stylometry\automation\modified_files\batch_control_flow_20260303_7cbf\modified_check_bb_augmentation.py,ollama/qwen3.5:9b,aleju,0.9705,aleju,0.7816,False,aleju,1.0000,aleju,1.0000,False,aleju,0.9123,aleju,0.9040,False,aleju,1.0000,aleju,1.0000,False,6.7405,0.9156,0.4192,0.9156,0.2298,0.7750,0.5801,0.0006,0.4479,medium,100.0000,100.0000,0,0.0000,aleju,failed,,batch=batch_control_flow_20260303_7cbf
control_flow_20260303_2b08,2026-03-03T08:33:16.917566,,control_flow,"Transform Python code to evade RF, NB, SGD, and NN classifiers with stealth score <0.5. Preserve exact functionality strictly. 1. Localized Structural Refactors: Convert `for` loops to comprehensions ",aleju,check_impulse_noise.py,C:\Users\ees10\Documents\Repos\Adversarial_Stylometry\dataset_splits\aleju\testing\check_impulse_noise.py,C:\Users\ees10\Documents\Repos\Adversarial_Stylometry\automation\modified_files\batch_control_flow_20260303_7cbf\modified_check_impulse_noise.py,ollama/qwen3.5:9b,aleju,0.9938,aleju,0.9442,False,aleju,1.0000,aleju,1.0000,False,aleju,0.8680,aleju,0.8995,False,aleju,0.9990,aleju,0.9996,False,3.6746,0.9011,0.4060,0.9011,0.2175,0.6000,0.6013,0.0003,0.4368,medium,100.0000,100.0000,0,0.0000,aleju,failed,,batch=batch_control_flow_20260303_7cbf
control_flow_20260303_2b0f,2026-03-03T08:33:39.723697,,control_flow,"Transform Python code to evade RF, NB, SGD, and NN classifiers with stealth score <0.5. Preserve exact functionality strictly. 1. Localized Structural Refactors: Convert `for` loops to comprehensions ",aleju,check_polygons_stay_valid_during_augmentation.py,C:\Users\ees10\Documents\Repos\Adversarial_Stylometry\dataset_splits\aleju\testing\check_polygons_stay_valid_during_augmentation.py,C:\Users\ees10\Documents\Repos\Adversarial_Stylometry\automation\modified_files\batch_control_flow_20260303_7cbf\modified_check_polygons_stay_valid_during_augmentation.py,ollama/qwen3.5:9b,aleju,0.9155,aleju,0.9100,False,aleju,1.0000,aleju,1.0000,False,aleju,0.8695,aleju,0.8804,False,aleju,0.9998,aleju,0.9999,False,3.0583,0.6951,0.2416,0.6951,0.0897,0.4583,0.4695,0.0003,0.2999,medium,100.0000,100.0000,0,0.0000,aleju,failed,,batch=batch_control_flow_20260303_7cbf
control_flow_20260303_db2a,2026-03-03T08:33:50.884601,,control_flow,"Transform Python code to evade RF, NB, SGD, and NN classifiers with stealth score <0.5. Preserve exact functionality strictly. 1. Localized Structural Refactors: Convert `for` loops to comprehensions ",aleju,check_rot90.py,C:\Users\ees10\Documents\Repos\Adversarial_Stylometry\dataset_splits\aleju\testing\check_rot90.py,C:\Users\ees10\Documents\Repos\Adversarial_Stylometry\automation\modified_files\batch_control_flow_20260303_7cbf\modified_check_rot90.py,ollama/qwen3.5:9b,aleju,0.9988,UNKNOWN,0.7468,True,aleju,1.0000,UNKNOWN,0.4676,True,aleju,0.8258,UNKNOWN,0.2138,True,aleju,0.9976,UNKNOWN,0.4619,True,9.9507,1.4142,1.0000,1.4142,0.6931,0.7083,0.3831,0.0008,0.7400,low,100.0000,0.0000,4,100.0000,UNKNOWN,full_evasion,,batch=batch_control_flow_20260303_7cbf
control_flow_20260303_34ef,2026-03-03T08:34:20.823331,,control_flow,"Transform Python code to evade RF, NB, SGD, and NN classifiers with stealth score <0.5. Preserve exact functionality strictly. 1. Localized Structural Refactors: Convert `for` loops to comprehensions ",aleju,geometric.py,C:\Users\ees10\Documents\Repos\Adversarial_Stylometry\dataset_splits\aleju\testing\geometric.py,C:\Users\ees10\Documents\Repos\Adversarial_Stylometry\automation\modified_files\batch_control_flow_20260303_7cbf\modified_geometric.py,ollama/qwen3.5:9b,aleju,0.9902,UNKNOWN,0.6096,True,aleju,1.0000,aleju,1.0000,False,aleju,0.9075,aleju,0.7635,False,aleju,1.0000,aleju,0.9897,False,29.8001,1.2154,0.7386,1.2154,0.5538,6.7083,0.2512,0.0025,0.6457,low,100.0000,75.0000,1,25.0000,aleju,partial_evasion,,batch=batch_control_flow_20260303_7cbf
control_flow_20260303_2432,2026-03-03T08:35:21.325293,,control_flow,"Prioritize semantic synonym replacement for high-frequency identifiers (functions, args) strictly within critical code paths to shift NB/SGD TF-IDF vectors. Target only top 5 most influential TF-IDF t",aleju,check_bb_augmentation.py,C:\Users\ees10\Documents\Repos\Adversarial_Stylometry\dataset_splits\aleju\testing\check_bb_augmentation.py,C:\Users\ees10\Documents\Repos\Adversarial_Stylometry\automation\modified_files\batch_control_flow_20260303_69a9\modified_check_bb_augmentation.py,ollama/qwen3.5:9b,aleju,0.9705,aleju,0.8453,False,aleju,1.0000,aleju,1.0000,False,aleju,0.9123,aleju,0.8652,False,aleju,1.0000,aleju,0.9999,False,4.2124,1.0549,0.5564,1.0549,0.1987,0.2667,0.5961,0.0004,0.5072,low,100.0000,100.0000,0,0.0000,aleju,failed,,batch=batch_control_flow_20260303_69a9
control_flow_20260303_7bfa,2026-03-03T08:35:35.480560,,control_flow,"Prioritize semantic synonym replacement for high-frequency identifiers (functions, args) strictly within critical code paths to shift NB/SGD TF-IDF vectors. Target only top 5 most influential TF-IDF t",aleju,check_impulse_noise.py,C:\Users\ees10\Documents\Repos\Adversarial_Stylometry\dataset_splits\aleju\testing\check_impulse_noise.py,C:\Users\ees10\Documents\Repos\Adversarial_Stylometry\automation\modified_files\batch_control_flow_20260303_69a9\modified_check_impulse_noise.py,ollama/qwen3.5:9b,aleju,0.9938,aleju,0.9839,False,aleju,1.0000,aleju,1.0000,False,aleju,0.8680,aleju,0.8831,False,aleju,0.9990,aleju,0.9996,False,3.1622,0.9950,0.4950,0.9950,0.2142,0.2583,0.6013,0.0003,0.4904,medium,100.0000,100.0000,0,0.0000,aleju,failed,,batch=batch_control_flow_20260303_69a9
control_flow_20260303_c0b3,2026-03-03T08:35:56.284170,,control_flow,"Prioritize semantic synonym replacement for high-frequency identifiers (functions, args) strictly within critical code paths to shift NB/SGD TF-IDF vectors. Target only top 5 most influential TF-IDF t",aleju,check_polygons_stay_valid_during_augmentation.py,C:\Users\ees10\Documents\Repos\Adversarial_Stylometry\dataset_splits\aleju\testing\check_polygons_stay_valid_during_augmentation.py,C:\Users\ees10\Documents\Repos\Adversarial_Stylometry\automation\modified_files\batch_control_flow_20260303_69a9\modified_check_polygons_stay_valid_during_augmentation.py,ollama/qwen3.5:9b,aleju,0.9155,aleju,0.9107,False,aleju,1.0000,aleju,1.0000,False,aleju,0.8695,aleju,0.8702,False,aleju,0.9998,aleju,0.9999,False,4.6111,0.9166,0.4201,0.9166,0.1402,0.6833,0.5341,0.0004,0.4304,medium,100.0000,100.0000,0,0.0000,aleju,failed,,batch=batch_control_flow_20260303_69a9
control_flow_20260303_0e31,2026-03-03T08:36:19.194935,,control_flow,"Prioritize semantic synonym replacement for high-frequency identifiers (functions, args) strictly within critical code paths to shift NB/SGD TF-IDF vectors. Target only top 5 most influential TF-IDF t",aleju,check_rot90.py,C:\Users\ees10\Documents\Repos\Adversarial_Stylometry\dataset_splits\aleju\testing\check_rot90.py,C:\Users\ees10\Documents\Repos\Adversarial_Stylometry\automation\modified_files\batch_control_flow_20260303_69a9\modified_check_rot90.py,ollama/qwen3.5:9b,aleju,0.9988,aleju,0.9890,False,aleju,1.0000,aleju,1.0000,False,aleju,0.8258,aleju,0.8226,False,aleju,0.9976,aleju,0.9972,False,0.2570,0.0618,0.0019,0.0618,0.0194,0.1000,0.0240,0.0000,0.0232,high,100.0000,100.0000,0,0.0000,aleju,failed,,batch=batch_control_flow_20260303_69a9
control_flow_20260303_5e53,2026-03-03T08:36:47.572564,,control_flow,"Prioritize semantic synonym replacement for high-frequency identifiers (functions, args) strictly within critical code paths to shift NB/SGD TF-IDF vectors. Target only top 5 most influential TF-IDF t",aleju,geometric.py,C:\Users\ees10\Documents\Repos\Adversarial_Stylometry\dataset_splits\aleju\testing\geometric.py,C:\Users\ees10\Documents\Repos\Adversarial_Stylometry\automation\modified_files\batch_control_flow_20260303_69a9\modified_geometric.py,ollama/qwen3.5:9b,aleju,0.9902,UNKNOWN,0.5431,True,aleju,1.0000,aleju,0.9996,False,aleju,0.9075,aleju,0.6701,False,aleju,1.0000,aleju,0.9580,False,29.5554,1.2764,0.8146,1.2764,0.5931,6.5333,0.2662,0.0025,0.6761,low,100.0000,75.0000,1,25.0000,aleju,partial_evasion,,batch=batch_control_flow_20260303_69a9
control_flow_20260303_d6aa,2026-03-03T08:38:18.654389,,control_flow,"Prioritize evasion for Naive Bayes and SGD by renaming ALL frequent identifiers with semantic synonyms to shift unigram distributions. For Random Forest and Neural Networks, refactor structural elemen",aleju,check_bb_augmentation.py,C:\Users\ees10\Documents\Repos\Adversarial_Stylometry\dataset_splits\aleju\testing\check_bb_augmentation.py,C:\Users\ees10\Documents\Repos\Adversarial_Stylometry\automation\modified_files\batch_control_flow_20260303_0588\modified_check_bb_augmentation.py,ollama/qwen3.5:9b,aleju,0.9705,aleju,0.6077,False,aleju,1.0000,aleju,1.0000,False,aleju,0.9123,aleju,0.7396,False,aleju,1.0000,aleju,1.0000,False,7.8440,1.0136,0.5137,1.0136,0.2360,1.0333,0.5801,0.0007,0.5034,low,100.0000,100.0000,0,0.0000,aleju,failed,,batch=batch_control_flow_20260303_0588
control_flow_20260303_6eee,2026-03-03T08:38:35.133096,,control_flow,"Prioritize evasion for Naive Bayes and SGD by renaming ALL frequent identifiers with semantic synonyms to shift unigram distributions. For Random Forest and Neural Networks, refactor structural elemen",aleju,check_impulse_noise.py,C:\Users\ees10\Documents\Repos\Adversarial_Stylometry\dataset_splits\aleju\testing\check_impulse_noise.py,C:\Users\ees10\Documents\Repos\Adversarial_Stylometry\automation\modified_files\batch_control_flow_20260303_0588\modified_check_impulse_noise.py,ollama/qwen3.5:9b,aleju,0.9938,aleju,0.6774,False,aleju,1.0000,aleju,0.9999,False,aleju,0.8680,aleju,0.7824,False,aleju,0.9990,aleju,0.9955,False,3.6479,0.9387,0.4406,0.9387,0.2769,0.6333,0.6013,0.0003,0.4704,medium,100.0000,100.0000,0,0.0000,aleju,failed,,batch=batch_control_flow_20260303_0588
control_flow_20260303_8395,2026-03-03T08:38:56.606990,,control_flow,"Prioritize evasion for Naive Bayes and SGD by renaming ALL frequent identifiers with semantic synonyms to shift unigram distributions. For Random Forest and Neural Networks, refactor structural elemen",aleju,check_polygons_stay_valid_during_augmentation.py,C:\Users\ees10\Documents\Repos\Adversarial_Stylometry\dataset_splits\aleju\testing\check_polygons_stay_valid_during_augmentation.py,C:\Users\ees10\Documents\Repos\Adversarial_Stylometry\automation\modified_files\batch_control_flow_20260303_0588\modified_check_polygons_stay_valid_during_augmentation.py,ollama/qwen3.5:9b,aleju,0.9155,aleju,0.9106,False,aleju,1.0000,aleju,1.0000,False,aleju,0.8695,aleju,0.8899,False,aleju,0.9998,aleju,1.0000,False,4.8263,0.8327,0.3467,0.8327,0.1029,0.9083,0.5341,0.0004,0.3762,medium,100.0000,100.0000,0,0.0000,aleju,failed,,batch=batch_control_flow_20260303_0588
control_flow_20260303_0c3a,2026-03-03T08:39:26.187774,,control_flow,"Prioritize evasion for Naive Bayes and SGD by renaming ALL frequent identifiers with semantic synonyms to shift unigram distributions. For Random Forest and Neural Networks, refactor structural elemen",aleju,check_rot90.py,C:\Users\ees10\Documents\Repos\Adversarial_Stylometry\dataset_splits\aleju\testing\check_rot90.py,C:\Users\ees10\Documents\Repos\Adversarial_Stylometry\automation\modified_files\batch_control_flow_20260303_0588\modified_check_rot90.py,ollama/qwen3.5:9b,aleju,0.9988,aleju,0.9890,False,aleju,1.0000,aleju,1.0000,False,aleju,0.8258,aleju,0.8210,False,aleju,0.9976,aleju,0.9972,False,0.3965,0.0781,0.0030,0.0781,0.0199,0.1000,0.0297,0.0000,0.0285,high,100.0000,100.0000,0,0.0000,aleju,failed,,batch=batch_control_flow_20260303_0588
control_flow_20260303_a17c,2026-03-03T08:39:52.842822,,control_flow,"Prioritize evasion for Naive Bayes and SGD by renaming ALL frequent identifiers with semantic synonyms to shift unigram distributions. For Random Forest and Neural Networks, refactor structural elemen",aleju,geometric.py,C:\Users\ees10\Documents\Repos\Adversarial_Stylometry\dataset_splits\aleju\testing\geometric.py,C:\Users\ees10\Documents\Repos\Adversarial_Stylometry\automation\modified_files\batch_control_flow_20260303_0588\modified_geometric.py,ollama/qwen3.5:9b,aleju,0.9902,UNKNOWN,0.5650,True,aleju,1.0000,UNKNOWN,0.4410,True,aleju,0.9075,UNKNOWN,0.2962,True,aleju,1.0000,UNKNOWN,0.4281,True,30.6754,1.3244,0.8771,1.3244,0.6222,6.5500,0.2118,0.0026,0.7007,low,100.0000,0.0000,4,100.0000,UNKNOWN,full_evasion,,batch=batch_control_flow_20260303_0588
control_flow_20260303_5765,2026-03-03T08:40:57.160138,,control_flow,"Prioritize evasion across all four models (RF, NB, SGD, NN) by targeting the highest-frequency identifiers in critical execution paths. Rename only top TF-IDF tokens (functions, arguments) using conte",aleju,check_bb_augmentation.py,C:\Users\ees10\Documents\Repos\Adversarial_Stylometry\dataset_splits\aleju\testing\check_bb_augmentation.py,C:\Users\ees10\Documents\Repos\Adversarial_Stylometry\automation\modified_files\batch_control_flow_20260303_391e\modified_check_bb_augmentation.py,ollama/qwen3.5:9b,aleju,0.9705,aleju,0.9705,False,aleju,1.0000,aleju,1.0000,False,aleju,0.9123,aleju,0.9122,False,aleju,1.0000,aleju,1.0000,False,0.0045,0.0022,0.0000,0.0022,0.0000,0.0000,0.0022,0.0000,0.0007,high,100.0000,100.0000,0,0.0000,aleju,failed,,batch=batch_control_flow_20260303_391e
control_flow_20260303_7f49,2026-03-03T08:41:12.505036,,control_flow,"Prioritize evasion across all four models (RF, NB, SGD, NN) by targeting the highest-frequency identifiers in critical execution paths. Rename only top TF-IDF tokens (functions, arguments) using conte",aleju,check_impulse_noise.py,C:\Users\ees10\Documents\Repos\Adversarial_Stylometry\dataset_splits\aleju\testing\check_impulse_noise.py,C:\Users\ees10\Documents\Repos\Adversarial_Stylometry\automation\modified_files\batch_control_flow_20260303_391e\modified_check_impulse_noise.py,ollama/qwen3.5:9b,aleju,0.9938,aleju,0.9988,False,aleju,1.0000,aleju,1.0000,False,aleju,0.8680,aleju,0.9012,False,aleju,0.9990,aleju,0.9998,False,3.1102,0.8864,0.3929,0.8864,0.1614,0.5000,0.6013,0.0003,0.4171,medium,100.0000,100.0000,0,0.0000,aleju,failed,,batch=batch_control_flow_20260303_391e
control_flow_20260303_1867,2026-03-03T08:41:28.503766,,control_flow,"Prioritize evasion across all four models (RF, NB, SGD, NN) by targeting the highest-frequency identifiers in critical execution paths. Rename only top TF-IDF tokens (functions, arguments) using conte",aleju,check_polygons_stay_valid_during_augmentation.py,C:\Users\ees10\Documents\Repos\Adversarial_Stylometry\dataset_splits\aleju\testing\check_polygons_stay_valid_during_augmentation.py,C:\Users\ees10\Documents\Repos\Adversarial_Stylometry\automation\modified_files\batch_control_flow_20260303_391e\modified_check_polygons_stay_valid_during_augmentation.py,ollama/qwen3.5:9b,aleju,0.9155,aleju,0.9155,False,aleju,1.0000,aleju,1.0000,False,aleju,0.8695,aleju,0.8841,False,aleju,0.9998,aleju,0.9999,False,2.7521,0.5300,0.1405,0.5300,0.0409,0.5917,0.3212,0.0002,0.2105,medium,100.0000,100.0000,0,0.0000,aleju,failed,,batch=batch_control_flow_20260303_391e
control_flow_20260303_adaa,2026-03-03T08:42:27.659485,,control_flow,"Prioritize evasion across all four models (RF, NB, SGD, NN) by targeting the highest-frequency identifiers in critical execution paths. Rename only top TF-IDF tokens (functions, arguments) using conte",aleju,geometric.py,C:\Users\ees10\Documents\Repos\Adversarial_Stylometry\dataset_splits\aleju\testing\geometric.py,C:\Users\ees10\Documents\Repos\Adversarial_Stylometry\automation\modified_files\batch_control_flow_20260303_391e\modified_geometric.py,ollama/qwen3.5:9b,aleju,0.9902,aleju,0.5449,False,aleju,1.0000,aleju,1.0000,False,aleju,0.9075,aleju,0.8804,False,aleju,1.0000,aleju,0.9995,False,28.3988,1.3153,0.8650,1.3153,0.6344,6.2083,0.2733,0.0024,0.6988,low,100.0000,100.0000,0,0.0000,aleju,failed,,batch=batch_control_flow_20260303_391e
control_flow_20260303_5833,2026-03-03T08:43:34.566115,,control_flow,"Pivot to aggressive structural changes: Rename high-frequency identifiers using distinct name lengths and casing patterns (e.g., `val` to `identifier`) to drastically shift TF-IDF distributions for NB",aleju,check_bb_augmentation.py,C:\Users\ees10\Documents\Repos\Adversarial_Stylometry\dataset_splits\aleju\testing\check_bb_augmentation.py,C:\Users\ees10\Documents\Repos\Adversarial_Stylometry\automation\modified_files\batch_control_flow_20260303_8304\modified_check_bb_augmentation.py,ollama/qwen3.5:9b,aleju,0.9705,aleju,0.7818,False,aleju,1.0000,aleju,1.0000,False,aleju,0.9123,aleju,0.8948,False,aleju,1.0000,aleju,1.0000,False,6.3663,0.8936,0.3992,0.8936,0.1907,1.0417,0.5801,0.0005,0.4281,medium,100.0000,100.0000,0,0.0000,aleju,failed,,batch=batch_control_flow_20260303_8304
control_flow_20260303_754f,2026-03-03T08:43:51.519272,,control_flow,"Pivot to aggressive structural changes: Rename high-frequency identifiers using distinct name lengths and casing patterns (e.g., `val` to `identifier`) to drastically shift TF-IDF distributions for NB",aleju,check_impulse_noise.py,C:\Users\ees10\Documents\Repos\Adversarial_Stylometry\dataset_splits\aleju\testing\check_impulse_noise.py,C:\Users\ees10\Documents\Repos\Adversarial_Stylometry\automation\modified_files\batch_control_flow_20260303_8304\modified_check_impulse_noise.py,ollama/qwen3.5:9b,aleju,0.9938,aleju,0.6028,False,aleju,1.0000,aleju,0.9998,False,aleju,0.8680,aleju,0.7614,False,aleju,0.9990,aleju,0.9901,False,3.3622,0.9394,0.4412,0.9394,0.2768,0.5500,0.6013,0.0003,0.4706,medium,100.0000,100.0000,0,0.0000,aleju,failed,,batch=batch_control_flow_20260303_8304
control_flow_20260303_ca1a,2026-03-03T08:44:07.864136,,control_flow,"Pivot to aggressive structural changes: Rename high-frequency identifiers using distinct name lengths and casing patterns (e.g., `val` to `identifier`) to drastically shift TF-IDF distributions for NB",aleju,check_polygons_stay_valid_during_augmentation.py,C:\Users\ees10\Documents\Repos\Adversarial_Stylometry\dataset_splits\aleju\testing\check_polygons_stay_valid_during_augmentation.py,C:\Users\ees10\Documents\Repos\Adversarial_Stylometry\automation\modified_files\batch_control_flow_20260303_8304\modified_check_polygons_stay_valid_during_augmentation.py,ollama/qwen3.5:9b,aleju,0.9155,aleju,0.6080,False,aleju,1.0000,aleju,1.0000,False,aleju,0.8695,aleju,0.7911,False,aleju,0.9998,aleju,0.9999,False,5.3029,0.8156,0.3326,0.8156,0.1182,0.9167,0.4380,0.0004,0.3700,medium,100.0000,100.0000,0,0.0000,aleju,failed,,batch=batch_control_flow_20260303_8304
control_flow_20260303_1b40,2026-03-03T08:44:29.395818,,control_flow,"Pivot to aggressive structural changes: Rename high-frequency identifiers using distinct name lengths and casing patterns (e.g., `val` to `identifier`) to drastically shift TF-IDF distributions for NB",aleju,check_rot90.py,C:\Users\ees10\Documents\Repos\Adversarial_Stylometry\dataset_splits\aleju\testing\check_rot90.py,C:\Users\ees10\Documents\Repos\Adversarial_Stylometry\automation\modified_files\batch_control_flow_20260303_8304\modified_check_rot90.py,ollama/qwen3.5:9b,aleju,0.9988,aleju,0.9193,False,aleju,1.0000,aleju,1.0000,False,aleju,0.8258,aleju,0.8049,False,aleju,0.9976,aleju,0.9956,False,0.5941,0.1259,0.0079,0.1259,0.0449,0.1667,0.0592,0.0000,0.0495,high,100.0000,100.0000,0,0.0000,aleju,failed,,batch=batch_control_flow_20260303_8304
control_flow_20260303_b202,2026-03-03T08:45:02.874697,,control_flow,"Pivot to aggressive structural changes: Rename high-frequency identifiers using distinct name lengths and casing patterns (e.g., `val` to `identifier`) to drastically shift TF-IDF distributions for NB",aleju,geometric.py,C:\Users\ees10\Documents\Repos\Adversarial_Stylometry\dataset_splits\aleju\testing\geometric.py,C:\Users\ees10\Documents\Repos\Adversarial_Stylometry\automation\modified_files\batch_control_flow_20260303_8304\modified_geometric.py,ollama/qwen3.5:9b,aleju,0.9902,UNKNOWN,0.7489,True,aleju,1.0000,aleju,0.8669,False,aleju,0.9075,UNKNOWN,0.3469,True,aleju,1.0000,UNKNOWN,0.4576,True,26.4376,1.3664,0.9335,1.3664,0.6630,6.1833,0.7874,0.0022,0.7250,low,100.0000,25.0000,3,75.0000,UNKNOWN,strong_evasion,,batch=batch_control_flow_20260303_8304
control_flow_20260303_09f9,2026-03-03T08:46:01.418643,,control_flow,Shift strategy from superficial renaming to deep logical refactoring. Reorder independent statement blocks within functions where safe to disrupt RF/NN sequence embeddings. Rename top-frequency identi,aleju,check_bb_augmentation.py,C:\Users\ees10\Documents\Repos\Adversarial_Stylometry\dataset_splits\aleju\testing\check_bb_augmentation.py,C:\Users\ees10\Documents\Repos\Adversarial_Stylometry\automation\modified_files\batch_control_flow_20260303_bdae\modified_check_bb_augmentation.py,ollama/qwen3.5:9b,aleju,0.9705,aleju,0.9446,False,aleju,1.0000,aleju,1.0000,False,aleju,0.9123,aleju,0.9068,False,aleju,1.0000,aleju,1.0000,False,4.8321,0.8929,0.3987,0.8929,0.1383,0.8417,0.5801,0.0004,0.4168,medium,100.0000,100.0000,0,0.0000,aleju,failed,,batch=batch_control_flow_20260303_bdae
control_flow_20260303_fb6e,2026-03-03T08:46:19.188684,,control_flow,Shift strategy from superficial renaming to deep logical refactoring. Reorder independent statement blocks within functions where safe to disrupt RF/NN sequence embeddings. Rename top-frequency identi,aleju,check_impulse_noise.py,C:\Users\ees10\Documents\Repos\Adversarial_Stylometry\dataset_splits\aleju\testing\check_impulse_noise.py,C:\Users\ees10\Documents\Repos\Adversarial_Stylometry\automation\modified_files\batch_control_flow_20260303_bdae\modified_check_impulse_noise.py,ollama/qwen3.5:9b,aleju,0.9938,aleju,0.9890,False,aleju,1.0000,aleju,1.0000,False,aleju,0.8680,aleju,0.8391,False,aleju,0.9990,aleju,0.9956,False,2.4793,1.0710,0.5735,1.0710,0.2097,0.0917,0.7143,0.0002,0.5142,low,100.0000,100.0000,0,0.0000,aleju,failed,,batch=batch_control_flow_20260303_bdae
control_flow_20260303_51ac,2026-03-03T08:46:41.024128,,control_flow,Shift strategy from superficial renaming to deep logical refactoring. Reorder independent statement blocks within functions where safe to disrupt RF/NN sequence embeddings. Rename top-frequency identi,aleju,check_polygons_stay_valid_during_augmentation.py,C:\Users\ees10\Documents\Repos\Adversarial_Stylometry\dataset_splits\aleju\testing\check_polygons_stay_valid_during_augmentation.py,C:\Users\ees10\Documents\Repos\Adversarial_Stylometry\automation\modified_files\batch_control_flow_20260303_bdae\modified_check_polygons_stay_valid_during_augmentation.py,ollama/qwen3.5:9b,aleju,0.9155,aleju,0.9155,False,aleju,1.0000,aleju,1.0000,False,aleju,0.8695,aleju,0.8855,False,aleju,0.9998,aleju,0.9999,False,1.7784,0.5136,0.1319,0.5136,0.0268,0.2833,0.4698,0.0001,0.1996,high,100.0000,100.0000,0,0.0000,aleju,failed,,batch=batch_control_flow_20260303_bdae
control_flow_20260303_dc90,2026-03-03T08:47:01.858468,,control_flow,Shift strategy from superficial renaming to deep logical refactoring. Reorder independent statement blocks within functions where safe to disrupt RF/NN sequence embeddings. Rename top-frequency identi,aleju,check_rot90.py,C:\Users\ees10\Documents\Repos\Adversarial_Stylometry\dataset_splits\aleju\testing\check_rot90.py,C:\Users\ees10\Documents\Repos\Adversarial_Stylometry\automation\modified_files\batch_control_flow_20260303_bdae\modified_check_rot90.py,ollama/qwen3.5:9b,aleju,0.9988,aleju,0.9741,False,aleju,1.0000,aleju,1.0000,False,aleju,0.8258,aleju,0.8053,False,aleju,0.9976,aleju,0.9956,False,0.5032,0.1148,0.0066,0.1148,0.0375,0.1583,0.0592,0.0000,0.0442,high,100.0000,100.0000,0,0.0000,aleju,failed,,batch=batch_control_flow_20260303_bdae
control_flow_20260303_f24d,2026-03-03T08:47:36.354255,,control_flow,Shift strategy from superficial renaming to deep logical refactoring. Reorder independent statement blocks within functions where safe to disrupt RF/NN sequence embeddings. Rename top-frequency identi,aleju,geometric.py,C:\Users\ees10\Documents\Repos\Adversarial_Stylometry\dataset_splits\aleju\testing\geometric.py,C:\Users\ees10\Documents\Repos\Adversarial_Stylometry\automation\modified_files\batch_control_flow_20260303_bdae\modified_geometric.py,ollama/qwen3.5:9b,aleju,0.9902,UNKNOWN,0.5639,True,aleju,1.0000,aleju,0.9098,False,aleju,0.9075,aleju,0.5192,False,aleju,1.0000,aleju,0.7235,False,27.6018,1.3401,0.8980,1.3401,0.6555,6.2333,0.5376,0.0023,0.7130,low,100.0000,75.0000,1,25.0000,aleju,partial_evasion,,batch=batch_control_flow_20260303_bdae
control_flow_20260303_348e,2026-03-03T08:48:57.295519,,control_flow,"Target unevaded models (NB, SGD, NN) by aggressively shifting token distributions without inflating feature divergence counts. Prioritize changing TF-IDF weights via syntactic equivalents: convert loo",aleju,check_bb_augmentation.py,C:\Users\ees10\Documents\Repos\Adversarial_Stylometry\dataset_splits\aleju\testing\check_bb_augmentation.py,C:\Users\ees10\Documents\Repos\Adversarial_Stylometry\automation\modified_files\batch_control_flow_20260303_62dc\modified_check_bb_augmentation.py,ollama/qwen3.5:9b,aleju,0.9705,aleju,0.9705,False,aleju,1.0000,aleju,1.0000,False,aleju,0.9123,aleju,0.9208,False,aleju,1.0000,aleju,1.0000,False,1.4768,0.2850,0.0406,0.2850,0.0076,0.2917,0.2427,0.0001,0.0998,high,100.0000,100.0000,0,0.0000,aleju,failed,,batch=batch_control_flow_20260303_62dc
control_flow_20260303_f5ae,2026-03-03T08:49:11.696606,,control_flow,"Target unevaded models (NB, SGD, NN) by aggressively shifting token distributions without inflating feature divergence counts. Prioritize changing TF-IDF weights via syntactic equivalents: convert loo",aleju,check_impulse_noise.py,C:\Users\ees10\Documents\Repos\Adversarial_Stylometry\dataset_splits\aleju\testing\check_impulse_noise.py,C:\Users\ees10\Documents\Repos\Adversarial_Stylometry\automation\modified_files\batch_control_flow_20260303_62dc\modified_check_impulse_noise.py,ollama/qwen3.5:9b,aleju,0.9938,aleju,0.9938,False,aleju,1.0000,aleju,1.0000,False,aleju,0.8680,aleju,0.8966,False,aleju,0.9990,aleju,0.9997,False,2.9616,0.8817,0.3887,0.8817,0.1509,0.5250,0.6013,0.0002,0.4123,medium,100.0000,100.0000,0,0.0000,aleju,failed,,batch=batch_control_flow_20260303_62dc
control_flow_20260303_4222,2026-03-03T08:49:33.726969,,control_flow,"Target unevaded models (NB, SGD, NN) by aggressively shifting token distributions without inflating feature divergence counts. Prioritize changing TF-IDF weights via syntactic equivalents: convert loo",aleju,check_polygons_stay_valid_during_augmentation.py,C:\Users\ees10\Documents\Repos\Adversarial_Stylometry\dataset_splits\aleju\testing\check_polygons_stay_valid_during_augmentation.py,C:\Users\ees10\Documents\Repos\Adversarial_Stylometry\automation\modified_files\batch_control_flow_20260303_62dc\modified_check_polygons_stay_valid_during_augmentation.py,ollama/qwen3.5:9b,aleju,0.9155,aleju,0.9155,False,aleju,1.0000,aleju,1.0000,False,aleju,0.8695,aleju,0.8664,False,aleju,0.9998,aleju,0.9998,False,1.2148,0.2293,0.0263,0.2293,0.0285,0.1917,0.1073,0.0001,0.0828,high,100.0000,100.0000,0,0.0000,aleju,failed,,batch=batch_control_flow_20260303_62dc
control_flow_20260303_d540,2026-03-03T08:50:04.907448,,control_flow,"Target unevaded models (NB, SGD, NN) by aggressively shifting token distributions without inflating feature divergence counts. Prioritize changing TF-IDF weights via syntactic equivalents: convert loo",aleju,check_rot90.py,C:\Users\ees10\Documents\Repos\Adversarial_Stylometry\dataset_splits\aleju\testing\check_rot90.py,C:\Users\ees10\Documents\Repos\Adversarial_Stylometry\automation\modified_files\batch_control_flow_20260303_62dc\modified_check_rot90.py,ollama/qwen3.5:9b,aleju,0.9988,aleju,0.9988,False,aleju,1.0000,aleju,1.0000,False,aleju,0.8258,aleju,0.8241,False,aleju,0.9976,aleju,0.9974,False,0.0802,0.0385,0.0007,0.0385,0.0030,0.0333,0.0296,0.0000,0.0124,high,100.0000,100.0000,0,0.0000,aleju,failed,,batch=batch_control_flow_20260303_62dc
control_flow_20260303_fa9b,2026-03-03T08:50:42.323762,,control_flow,"Target unevaded models (NB, SGD, NN) by aggressively shifting token distributions without inflating feature divergence counts. Prioritize changing TF-IDF weights via syntactic equivalents: convert loo",aleju,geometric.py,C:\Users\ees10\Documents\Repos\Adversarial_Stylometry\dataset_splits\aleju\testing\geometric.py,C:\Users\ees10\Documents\Repos\Adversarial_Stylometry\automation\modified_files\batch_control_flow_20260303_62dc\modified_geometric.py,ollama/qwen3.5:9b,aleju,0.9902,UNKNOWN,0.7422,True,aleju,1.0000,aleju,0.9706,False,aleju,0.9075,UNKNOWN,0.3163,True,aleju,1.0000,aleju,0.6789,False,26.7052,1.3100,0.8581,1.3100,0.6410,6.1917,0.4088,0.0022,0.6980,low,100.0000,50.0000,2,50.0000,UNKNOWN,partial_evasion,,batch=batch_control_flow_20260303_62dc
control_flow_20260303_a578,2026-03-03T08:51:23.974405,,control_flow,"Drastically alter structural patterns to disrupt TF-IDF n-grams and sequence embeddings simultaneously. Convert standard `for` loops to list comprehensions or generators where valid, swapping token fr",aleju,check_bb_augmentation.py,C:\Users\ees10\Documents\Repos\Adversarial_Stylometry\dataset_splits\aleju\testing\check_bb_augmentation.py,C:\Users\ees10\Documents\Repos\Adversarial_Stylometry\automation\modified_files\batch_control_flow_20260303_04b5\modified_check_bb_augmentation.py,ollama/qwen3.5:9b,aleju,0.9705,aleju,0.8663,False,aleju,1.0000,aleju,1.0000,False,aleju,0.9123,aleju,0.9131,False,aleju,1.0000,aleju,1.0000,False,1.2145,0.2385,0.0285,0.2385,0.0326,0.1667,0.1370,0.0001,0.0869,high,100.0000,100.0000,0,0.0000,aleju,failed,,batch=batch_control_flow_20260303_04b5
control_flow_20260303_8f72,2026-03-03T08:51:39.073864,,control_flow,"Drastically alter structural patterns to disrupt TF-IDF n-grams and sequence embeddings simultaneously. Convert standard `for` loops to list comprehensions or generators where valid, swapping token fr",aleju,check_impulse_noise.py,C:\Users\ees10\Documents\Repos\Adversarial_Stylometry\dataset_splits\aleju\testing\check_impulse_noise.py,C:\Users\ees10\Documents\Repos\Adversarial_Stylometry\automation\modified_files\batch_control_flow_20260303_04b5\modified_check_impulse_noise.py,ollama/qwen3.5:9b,aleju,0.9938,aleju,0.8994,False,aleju,1.0000,aleju,1.0000,False,aleju,0.8680,aleju,0.8652,False,aleju,0.9990,aleju,0.9983,False,1.2065,0.1701,0.0145,0.1701,0.1005,0.4083,0.0374,0.0001,0.0763,high,100.0000,100.0000,0,0.0000,aleju,failed,,batch=batch_control_flow_20260303_04b5
control_flow_20260303_ebe3,2026-03-03T08:51:59.348228,,control_flow,"Drastically alter structural patterns to disrupt TF-IDF n-grams and sequence embeddings simultaneously. Convert standard `for` loops to list comprehensions or generators where valid, swapping token fr",aleju,check_polygons_stay_valid_during_augmentation.py,C:\Users\ees10\Documents\Repos\Adversarial_Stylometry\dataset_splits\aleju\testing\check_polygons_stay_valid_during_augmentation.py,C:\Users\ees10\Documents\Repos\Adversarial_Stylometry\automation\modified_files\batch_control_flow_20260303_04b5\modified_check_polygons_stay_valid_during_augmentation.py,ollama/qwen3.5:9b,aleju,0.9155,aleju,0.8603,False,aleju,1.0000,aleju,1.0000,False,aleju,0.8695,aleju,0.8505,False,aleju,0.9998,aleju,0.9996,False,1.5660,0.2433,0.0296,0.2433,0.0669,0.3250,0.0692,0.0001,0.0959,high,100.0000,100.0000,0,0.0000,aleju,failed,,batch=batch_control_flow_20260303_04b5
control_flow_20260303_ccc3,2026-03-03T08:52:19.407391,,control_flow,"Drastically alter structural patterns to disrupt TF-IDF n-grams and sequence embeddings simultaneously. Convert standard `for` loops to list comprehensions or generators where valid, swapping token fr",aleju,check_rot90.py,C:\Users\ees10\Documents\Repos\Adversarial_Stylometry\dataset_splits\aleju\testing\check_rot90.py,C:\Users\ees10\Documents\Repos\Adversarial_Stylometry\automation\modified_files\batch_control_flow_20260303_04b5\modified_check_rot90.py,ollama/qwen3.5:9b,aleju,0.9988,aleju,0.7809,False,aleju,1.0000,aleju,1.0000,False,aleju,0.8258,aleju,0.8143,False,aleju,0.9976,aleju,0.9961,False,0.4475,0.0751,0.0028,0.0751,0.0272,0.1167,0.0296,0.0000,0.0290,high,100.0000,100.0000,0,0.0000,aleju,failed,,batch=batch_control_flow_20260303_04b5
control_flow_20260303_442f,2026-03-03T08:52:47.516839,,control_flow,"Drastically alter structural patterns to disrupt TF-IDF n-grams and sequence embeddings simultaneously. Convert standard `for` loops to list comprehensions or generators where valid, swapping token fr",aleju,geometric.py,C:\Users\ees10\Documents\Repos\Adversarial_Stylometry\dataset_splits\aleju\testing\geometric.py,C:\Users\ees10\Documents\Repos\Adversarial_Stylometry\automation\modified_files\batch_control_flow_20260303_04b5\modified_geometric.py,ollama/qwen3.5:9b,aleju,0.9902,UNKNOWN,0.6397,True,aleju,1.0000,UNKNOWN,0.3542,True,aleju,0.9075,UNKNOWN,0.2362,True,aleju,1.0000,UNKNOWN,0.2952,True,30.5902,1.3238,0.8763,1.3238,0.6184,6.5417,0.2670,0.0025,0.6996,low,100.0000,0.0000,4,100.0000,UNKNOWN,full_evasion,,batch=batch_control_flow_20260303_04b5
control_flow_20260303_ba93,2026-03-03T08:53:28.754288,,control_flow,"Prioritize files with 0% evasion first. Rewrite imports using aliases or split statements to shift token distributions aggressively for NB/SGD. Apply consistent semantic variable renaming (e.g., `x` -",aleju,check_bb_augmentation.py,C:\Users\ees10\Documents\Repos\Adversarial_Stylometry\dataset_splits\aleju\testing\check_bb_augmentation.py,C:\Users\ees10\Documents\Repos\Adversarial_Stylometry\automation\modified_files\batch_control_flow_20260303_60d1\modified_check_bb_augmentation.py,ollama/qwen3.5:9b,aleju,0.9705,aleju,0.5828,False,aleju,1.0000,aleju,1.0000,False,aleju,0.9123,aleju,0.8280,False,aleju,1.0000,aleju,0.9999,False,7.0058,1.0386,0.5394,1.0386,0.2566,1.0083,0.5801,0.0006,0.5152,low,100.0000,100.0000,0,0.0000,aleju,failed,,batch=batch_control_flow_20260303_60d1
control_flow_20260303_4555,2026-03-03T08:53:42.649968,,control_flow,"Prioritize files with 0% evasion first. Rewrite imports using aliases or split statements to shift token distributions aggressively for NB/SGD. Apply consistent semantic variable renaming (e.g., `x` -",aleju,check_impulse_noise.py,C:\Users\ees10\Documents\Repos\Adversarial_Stylometry\dataset_splits\aleju\testing\check_impulse_noise.py,C:\Users\ees10\Documents\Repos\Adversarial_Stylometry\automation\modified_files\batch_control_flow_20260303_60d1\modified_check_impulse_noise.py,ollama/qwen3.5:9b,aleju,0.9938,aleju,0.6022,False,aleju,1.0000,aleju,0.9999,False,aleju,0.8680,aleju,0.7886,False,aleju,0.9990,aleju,0.9943,False,3.7044,0.9371,0.4391,0.9371,0.2740,0.6083,0.6013,0.0003,0.4689,medium,100.0000,100.0000,0,0.0000,aleju,failed,,batch=batch_control_flow_20260303_60d1
control_flow_20260303_c8ec,2026-03-03T08:53:58.707406,,control_flow,"Prioritize files with 0% evasion first. Rewrite imports using aliases or split statements to shift token distributions aggressively for NB/SGD. Apply consistent semantic variable renaming (e.g., `x` -",aleju,check_polygons_stay_valid_during_augmentation.py,C:\Users\ees10\Documents\Repos\Adversarial_Stylometry\dataset_splits\aleju\testing\check_polygons_stay_valid_during_augmentation.py,C:\Users\ees10\Documents\Repos\Adversarial_Stylometry\automation\modified_files\batch_control_flow_20260303_60d1\modified_check_polygons_stay_valid_during_augmentation.py,ollama/qwen3.5:9b,aleju,0.9155,UNKNOWN,0.4916,True,aleju,1.0000,aleju,1.0000,False,aleju,0.8695,aleju,0.8211,False,aleju,0.9998,aleju,0.9989,False,2.6161,0.4954,0.1227,0.4954,0.0983,0.3333,0.1933,0.0002,0.2057,medium,100.0000,75.0000,1,25.0000,aleju,partial_evasion,,batch=batch_control_flow_20260303_60d1
control_flow_20260303_2820,2026-03-03T08:54:30.203060,,control_flow,"Prioritize files with 0% evasion first. Rewrite imports using aliases or split statements to shift token distributions aggressively for NB/SGD. Apply consistent semantic variable renaming (e.g., `x` -",aleju,check_rot90.py,C:\Users\ees10\Documents\Repos\Adversarial_Stylometry\dataset_splits\aleju\testing\check_rot90.py,C:\Users\ees10\Documents\Repos\Adversarial_Stylometry\automation\modified_files\batch_control_flow_20260303_60d1\modified_check_rot90.py,ollama/qwen3.5:9b,aleju,0.9988,aleju,0.6725,False,aleju,1.0000,aleju,1.0000,False,aleju,0.8258,aleju,0.7551,False,aleju,0.9976,aleju,0.9933,False,1.9252,0.3678,0.0676,0.3678,0.0718,0.3167,0.1434,0.0002,0.1456,high,100.0000,100.0000,0,0.0000,aleju,failed,,batch=batch_control_flow_20260303_60d1
control_flow_20260303_4d62,2026-03-03T08:55:17.824744,,control_flow,"Prioritize files with 0% evasion first. Rewrite imports using aliases or split statements to shift token distributions aggressively for NB/SGD. Apply consistent semantic variable renaming (e.g., `x` -",aleju,geometric.py,C:\Users\ees10\Documents\Repos\Adversarial_Stylometry\dataset_splits\aleju\testing\geometric.py,C:\Users\ees10\Documents\Repos\Adversarial_Stylometry\automation\modified_files\batch_control_flow_20260303_60d1\modified_geometric.py,ollama/qwen3.5:9b,aleju,0.9902,UNKNOWN,0.7455,True,aleju,1.0000,aleju,0.7060,False,aleju,0.9075,UNKNOWN,0.2489,True,aleju,1.0000,UNKNOWN,0.2811,True,25.7503,1.3755,0.9460,1.3755,0.6757,6.1750,0.9574,0.0021,0.7313,low,100.0000,25.0000,3,75.0000,UNKNOWN,strong_evasion,,batch=batch_control_flow_20260303_60d1
control_flow_20260303_5e7e,2026-03-03T08:56:23.333228,,control_flow,"Focus evasion on un-evaded models (NB, SGD). Shift NB detection by altering comment styles (`#` vs block) and variable casing in non-critical areas to change feature counts without logic errors. For S",aleju,check_bb_augmentation.py,C:\Users\ees10\Documents\Repos\Adversarial_Stylometry\dataset_splits\aleju\testing\check_bb_augmentation.py,C:\Users\ees10\Documents\Repos\Adversarial_Stylometry\automation\modified_files\batch_control_flow_20260303_8e2d\modified_check_bb_augmentation.py,ollama/qwen3.5:9b,aleju,0.9705,aleju,0.6818,False,aleju,1.0000,aleju,1.0000,False,aleju,0.9123,aleju,0.8315,False,aleju,1.0000,aleju,0.9998,False,6.4339,1.0671,0.5694,1.0671,0.2448,0.5917,0.5801,0.0005,0.5210,low,100.0000,100.0000,0,0.0000,aleju,failed,,batch=batch_control_flow_20260303_8e2d
control_flow_20260303_508e,2026-03-03T08:56:38.024490,,control_flow,"Focus evasion on un-evaded models (NB, SGD). Shift NB detection by altering comment styles (`#` vs block) and variable casing in non-critical areas to change feature counts without logic errors. For S",aleju,check_impulse_noise.py,C:\Users\ees10\Documents\Repos\Adversarial_Stylometry\dataset_splits\aleju\testing\check_impulse_noise.py,C:\Users\ees10\Documents\Repos\Adversarial_Stylometry\automation\modified_files\batch_control_flow_20260303_8e2d\modified_check_impulse_noise.py,ollama/qwen3.5:9b,aleju,0.9938,aleju,0.5928,False,aleju,1.0000,aleju,0.9964,False,aleju,0.8680,UNKNOWN,0.3653,True,aleju,0.9990,aleju,0.8932,False,3.7511,1.1733,0.6883,1.1733,0.3661,0.3250,0.7708,0.0003,0.5804,low,100.0000,75.0000,1,25.0000,aleju,partial_evasion,,batch=batch_control_flow_20260303_8e2d
control_flow_20260303_793d,2026-03-03T08:56:56.064327,,control_flow,"Focus evasion on un-evaded models (NB, SGD). Shift NB detection by altering comment styles (`#` vs block) and variable casing in non-critical areas to change feature counts without logic errors. For S",aleju,check_polygons_stay_valid_during_augmentation.py,C:\Users\ees10\Documents\Repos\Adversarial_Stylometry\dataset_splits\aleju\testing\check_polygons_stay_valid_during_augmentation.py,C:\Users\ees10\Documents\Repos\Adversarial_Stylometry\automation\modified_files\batch_control_flow_20260303_8e2d\modified_check_polygons_stay_valid_during_augmentation.py,ollama/qwen3.5:9b,aleju,0.9155,aleju,0.9155,False,aleju,1.0000,aleju,1.0000,False,aleju,0.8695,aleju,0.8698,False,aleju,0.9998,aleju,0.9998,False,1.0056,0.4148,0.0860,0.4148,0.0358,0.0833,0.3046,0.0001,0.1576,high,100.0000,100.0000,0,0.0000,aleju,failed,,batch=batch_control_flow_20260303_8e2d
control_flow_20260303_8afa,2026-03-03T08:57:18.042025,,control_flow,"Focus evasion on un-evaded models (NB, SGD). Shift NB detection by altering comment styles (`#` vs block) and variable casing in non-critical areas to change feature counts without logic errors. For S",aleju,check_rot90.py,C:\Users\ees10\Documents\Repos\Adversarial_Stylometry\dataset_splits\aleju\testing\check_rot90.py,C:\Users\ees10\Documents\Repos\Adversarial_Stylometry\automation\modified_files\batch_control_flow_20260303_8e2d\modified_check_rot90.py,ollama/qwen3.5:9b,aleju,0.9988,aleju,0.9988,False,aleju,1.0000,aleju,1.0000,False,aleju,0.8258,aleju,0.8228,False,aleju,0.9976,aleju,0.9974,False,0.0723,0.0373,0.0007,0.0373,0.0031,0.0250,0.0296,0.0000,0.0121,high,100.0000,100.0000,0,0.0000,aleju,failed,,batch=batch_control_flow_20260303_8e2d
control_flow_20260303_7138,2026-03-03T08:57:58.407908,,control_flow,"Focus evasion on un-evaded models (NB, SGD). Shift NB detection by altering comment styles (`#` vs block) and variable casing in non-critical areas to change feature counts without logic errors. For S",aleju,geometric.py,C:\Users\ees10\Documents\Repos\Adversarial_Stylometry\dataset_splits\aleju\testing\geometric.py,C:\Users\ees10\Documents\Repos\Adversarial_Stylometry\automation\modified_files\batch_control_flow_20260303_8e2d\modified_geometric.py,ollama/qwen3.5:9b,aleju,0.9902,UNKNOWN,0.5574,True,aleju,1.0000,aleju,1.0000,False,aleju,0.9075,aleju,0.8297,False,aleju,1.0000,aleju,0.9963,False,27.1572,1.2221,0.7468,1.2221,0.5984,6.2000,0.4173,0.0023,0.6561,low,100.0000,75.0000,1,25.0000,aleju,partial_evasion,,batch=batch_control_flow_20260303_8e2d
control_flow_20260303_085f,2026-03-03T08:58:58.043796,,control_flow,"Prioritize evading Naive Bayes (NB) and Neural Network (NN), currently at 0%. Avoid global refactoring that spikes stealth scores above 0.5. Execute targeted micro-transformations:

1. Semantic Token ",aleju,check_bb_augmentation.py,C:\Users\ees10\Documents\Repos\Adversarial_Stylometry\dataset_splits\aleju\testing\check_bb_augmentation.py,C:\Users\ees10\Documents\Repos\Adversarial_Stylometry\automation\modified_files\batch_control_flow_20260303_eb1d\modified_check_bb_augmentation.py,ollama/qwen3.5:9b,aleju,0.9705,aleju,0.8364,False,aleju,1.0000,aleju,1.0000,False,aleju,0.9123,aleju,0.9069,False,aleju,1.0000,aleju,1.0000,False,3.7411,0.4314,0.0930,0.4314,0.1177,0.7000,0.1186,0.0003,0.1823,high,100.0000,100.0000,0,0.0000,aleju,failed,,batch=batch_control_flow_20260303_eb1d
control_flow_20260303_3f5f,2026-03-03T08:59:12.570145,,control_flow,"Prioritize evading Naive Bayes (NB) and Neural Network (NN), currently at 0%. Avoid global refactoring that spikes stealth scores above 0.5. Execute targeted micro-transformations:

1. Semantic Token ",aleju,check_impulse_noise.py,C:\Users\ees10\Documents\Repos\Adversarial_Stylometry\dataset_splits\aleju\testing\check_impulse_noise.py,C:\Users\ees10\Documents\Repos\Adversarial_Stylometry\automation\modified_files\batch_control_flow_20260303_eb1d\modified_check_impulse_noise.py,ollama/qwen3.5:9b,aleju,0.9938,aleju,0.9938,False,aleju,1.0000,aleju,1.0000,False,aleju,0.8680,aleju,0.8716,False,aleju,0.9990,aleju,0.9990,False,3.0105,1.0205,0.5207,1.0205,0.2127,0.1917,0.6090,0.0003,0.4991,medium,100.0000,100.0000,0,0.0000,aleju,failed,,batch=batch_control_flow_20260303_eb1d
control_flow_20260303_3a39,2026-03-03T08:59:48.665728,,control_flow,"Prioritize evading Naive Bayes (NB) and Neural Network (NN), currently at 0%. Avoid global refactoring that spikes stealth scores above 0.5. Execute targeted micro-transformations:

1. Semantic Token ",aleju,check_polygons_stay_valid_during_augmentation.py,C:\Users\ees10\Documents\Repos\Adversarial_Stylometry\dataset_splits\aleju\testing\check_polygons_stay_valid_during_augmentation.py,C:\Users\ees10\Documents\Repos\Adversarial_Stylometry\automation\modified_files\batch_control_flow_20260303_eb1d\modified_check_polygons_stay_valid_during_augmentation.py,ollama/qwen3.5:9b,aleju,0.9155,aleju,0.6219,False,aleju,1.0000,aleju,1.0000,False,aleju,0.8695,aleju,0.8529,False,aleju,0.9998,aleju,0.9995,False,0.7811,0.1613,0.0130,0.1613,0.0335,0.1833,0.0460,0.0001,0.0594,high,100.0000,100.0000,0,0.0000,aleju,failed,,batch=batch_control_flow_20260303_eb1d
control_flow_20260303_ab07,2026-03-03T09:00:09.239875,,control_flow,"Prioritize evading Naive Bayes (NB) and Neural Network (NN), currently at 0%. Avoid global refactoring that spikes stealth scores above 0.5. Execute targeted micro-transformations:

1. Semantic Token ",aleju,check_rot90.py,C:\Users\ees10\Documents\Repos\Adversarial_Stylometry\dataset_splits\aleju\testing\check_rot90.py,C:\Users\ees10\Documents\Repos\Adversarial_Stylometry\automation\modified_files\batch_control_flow_20260303_eb1d\modified_check_rot90.py,ollama/qwen3.5:9b,aleju,0.9988,aleju,0.9306,False,aleju,1.0000,aleju,1.0000,False,aleju,0.8258,aleju,0.8226,False,aleju,0.9976,aleju,0.9973,False,0.1517,0.0374,0.0007,0.0374,0.0113,0.0083,0.0235,0.0000,0.0137,high,100.0000,100.0000,0,0.0000,aleju,failed,,batch=batch_control_flow_20260303_eb1d
control_flow_20260303_f4a0,2026-03-03T09:01:21.209912,,control_flow,"Prioritize evading Naive Bayes (NB) and Neural Network (NN), currently at 0%. Avoid global refactoring that spikes stealth scores above 0.5. Execute targeted micro-transformations:

1. Semantic Token ",aleju,geometric.py,C:\Users\ees10\Documents\Repos\Adversarial_Stylometry\dataset_splits\aleju\testing\geometric.py,C:\Users\ees10\Documents\Repos\Adversarial_Stylometry\automation\modified_files\batch_control_flow_20260303_eb1d\modified_geometric.py,ollama/qwen3.5:9b,aleju,0.9902,aleju,0.6250,False,aleju,1.0000,aleju,1.0000,False,aleju,0.9075,aleju,0.8983,False,aleju,1.0000,aleju,1.0000,False,22.0768,0.9092,0.4134,0.9092,0.2751,4.9417,0.1638,0.0018,0.4617,medium,100.0000,100.0000,0,0.0000,aleju,failed,,batch=batch_control_flow_20260303_eb1d
control_flow_20260303_d91f,2026-03-03T09:21:48.410746,,control_flow,"Transform Python code to evade RF, NB, SGD, and NN classifiers with stealth score <0.5. Preserve exact functionality strictly. 1. Localized Structural Refactors: Convert `for` loops to comprehensions ",huggingface,benchmarks_entrypoint.py,C:\Users\ees10\Documents\Repos\Adversarial_Stylometry\dataset_splits\huggingface\testing\benchmarks_entrypoint.py,C:\Users\ees10\Documents\Repos\Adversarial_Stylometry\automation\modified_files\batch_control_flow_20260303_abc3\modified_benchmarks_entrypoint.py,ollama/qwen3.5:9b,huggingface,0.9800,huggingface,0.9800,False,huggingface,1.0000,huggingface,1.0000,False,huggingface,0.7527,huggingface,0.7579,False,huggingface,0.9999,huggingface,0.9999,False,2.8161,0.2501,0.0313,0.2501,0.0265,0.5667,0.1036,0.0002,0.0909,high,100.0000,100.0000,0,0.0000,huggingface,failed,,batch=batch_control_flow_20260303_abc3
control_flow_20260303_a44f,2026-03-03T09:22:01.138164,,control_flow,"Transform Python code to evade RF, NB, SGD, and NN classifiers with stealth score <0.5. Preserve exact functionality strictly. 1. Localized Structural Refactors: Convert `for` loops to comprehensions ",huggingface,modeling_my_new_model2.py,C:\Users\ees10\Documents\Repos\Adversarial_Stylometry\dataset_splits\huggingface\testing\modeling_my_new_model2.py,C:\Users\ees10\Documents\Repos\Adversarial_Stylometry\automation\modified_files\batch_control_flow_20260303_abc3\modified_modeling_my_new_model2.py,ollama/qwen3.5:9b,huggingface,0.9022,UNKNOWN,0.7507,True,huggingface,1.0000,UNKNOWN,0.6803,True,huggingface,0.8719,UNKNOWN,0.2927,True,huggingface,1.0000,UNKNOWN,0.2690,True,13.4941,1.4142,1.0000,1.4142,0.6929,2.6917,0.9998,0.0011,0.7440,low,100.0000,0.0000,4,100.0000,UNKNOWN,full_evasion,,batch=batch_control_flow_20260303_abc3
control_flow_20260303_93c5,2026-03-03T09:22:21.898906,,control_flow,"Transform Python code to evade RF, NB, SGD, and NN classifiers with stealth score <0.5. Preserve exact functionality strictly. 1. Localized Structural Refactors: Convert `for` loops to comprehensions ",huggingface,preprocess.py,C:\Users\ees10\Documents\Repos\Adversarial_Stylometry\dataset_splits\huggingface\testing\preprocess.py,C:\Users\ees10\Documents\Repos\Adversarial_Stylometry\automation\modified_files\batch_control_flow_20260303_abc3\modified_preprocess.py,ollama/qwen3.5:9b,UNKNOWN,0.6847,UNKNOWN,0.6871,False,huggingface,0.9995,huggingface,0.9967,False,huggingface,0.7351,huggingface,0.6700,False,huggingface,0.9965,huggingface,0.9934,False,1.6422,0.4541,0.1031,0.4541,0.0819,0.1917,0.3241,0.0001,0.1839,high,75.0000,75.0000,0,0.0000,huggingface,failed,,batch=batch_control_flow_20260303_abc3
control_flow_20260303_2259,2026-03-03T09:23:25.100399,,control_flow,"Transform Python code to evade RF, NB, SGD, and NN classifiers with stealth score <0.5. Preserve exact functionality strictly. 1. Localized Structural Refactors: Convert `for` loops to comprehensions ",huggingface,run_mlm.py,C:\Users\ees10\Documents\Repos\Adversarial_Stylometry\dataset_splits\huggingface\testing\run_mlm.py,C:\Users\ees10\Documents\Repos\Adversarial_Stylometry\automation\modified_files\batch_control_flow_20260303_abc3\modified_run_mlm.py,ollama/qwen3.5:9b,huggingface,1.0000,UNKNOWN,0.3893,True,huggingface,1.0000,huggingface,1.0000,False,huggingface,0.8954,huggingface,0.8603,False,huggingface,1.0000,huggingface,1.0000,False,8.5879,0.3590,0.0644,0.3590,0.1359,2.0750,0.1209,0.0007,0.1584,high,100.0000,75.0000,1,25.0000,huggingface,partial_evasion,,batch=batch_control_flow_20260303_abc3
control_flow_20260303_08a2,2026-03-03T09:24:52.584894,,control_flow,"Transform Python code to evade RF, NB, SGD, and NN classifiers with stealth score <0.5. Preserve exact functionality strictly. 1. Localized Structural Refactors: Convert `for` loops to comprehensions ",huggingface,run_mlm_no_trainer.py,C:\Users\ees10\Documents\Repos\Adversarial_Stylometry\dataset_splits\huggingface\testing\run_mlm_no_trainer.py,C:\Users\ees10\Documents\Repos\Adversarial_Stylometry\automation\modified_files\batch_control_flow_20260303_abc3\modified_run_mlm_no_trainer.py,ollama/qwen3.5:9b,huggingface,1.0000,huggingface,0.7329,False,huggingface,1.0000,huggingface,1.0000,False,huggingface,0.8785,huggingface,0.8090,False,huggingface,1.0000,huggingface,1.0000,False,10.6310,0.7266,0.2640,0.7266,0.1428,2.2417,0.4418,0.0009,0.3302,medium,100.0000,100.0000,0,0.0000,huggingface,failed,,batch=batch_control_flow_20260303_abc3
control_flow_20260303_dd75,2026-03-03T09:26:13.432743,,control_flow,"Modify Python code using EXCLUSIVELY Control Flow techniques to evade RF, NB, SGD, and NN classifiers. Prioritize surgical structural shifts: convert loops to comprehensions or vice versa, replace `if",huggingface,benchmarks_entrypoint.py,C:\Users\ees10\Documents\Repos\Adversarial_Stylometry\dataset_splits\huggingface\testing\benchmarks_entrypoint.py,C:\Users\ees10\Documents\Repos\Adversarial_Stylometry\automation\modified_files\batch_control_flow_20260303_856a\modified_benchmarks_entrypoint.py,ollama/qwen3.5:9b,huggingface,0.9800,huggingface,0.9800,False,huggingface,1.0000,huggingface,1.0000,False,huggingface,0.7527,huggingface,0.7521,False,huggingface,0.9999,huggingface,0.9999,False,0.1089,0.0301,0.0005,0.0301,0.0009,0.0333,0.0134,0.0000,0.0094,high,100.0000,100.0000,0,0.0000,huggingface,failed,,batch=batch_control_flow_20260303_856a
control_flow_20260303_dbe9,2026-03-03T09:26:34.933802,,control_flow,"Modify Python code using EXCLUSIVELY Control Flow techniques to evade RF, NB, SGD, and NN classifiers. Prioritize surgical structural shifts: convert loops to comprehensions or vice versa, replace `if",huggingface,modeling_my_new_model2.py,C:\Users\ees10\Documents\Repos\Adversarial_Stylometry\dataset_splits\huggingface\testing\modeling_my_new_model2.py,C:\Users\ees10\Documents\Repos\Adversarial_Stylometry\automation\modified_files\batch_control_flow_20260303_856a\modified_modeling_my_new_model2.py,ollama/qwen3.5:9b,huggingface,0.9022,UNKNOWN,0.7507,True,huggingface,1.0000,UNKNOWN,0.6803,True,huggingface,0.8719,UNKNOWN,0.2927,True,huggingface,1.0000,UNKNOWN,0.2690,True,13.4941,1.4142,1.0000,1.4142,0.6929,2.6917,0.9998,0.0011,0.7440,low,100.0000,0.0000,4,100.0000,UNKNOWN,full_evasion,,batch=batch_control_flow_20260303_856a
control_flow_20260303_e5b1,2026-03-03T09:26:50.516006,,control_flow,"Modify Python code using EXCLUSIVELY Control Flow techniques to evade RF, NB, SGD, and NN classifiers. Prioritize surgical structural shifts: convert loops to comprehensions or vice versa, replace `if",huggingface,preprocess.py,C:\Users\ees10\Documents\Repos\Adversarial_Stylometry\dataset_splits\huggingface\testing\preprocess.py,C:\Users\ees10\Documents\Repos\Adversarial_Stylometry\automation\modified_files\batch_control_flow_20260303_856a\modified_preprocess.py,ollama/qwen3.5:9b,UNKNOWN,0.6847,UNKNOWN,0.6847,False,huggingface,0.9995,huggingface,0.9994,False,huggingface,0.7351,huggingface,0.6907,False,huggingface,0.9965,huggingface,0.9964,False,2.0284,0.5277,0.1392,0.5277,0.0685,0.2500,0.3426,0.0002,0.2143,medium,75.0000,75.0000,0,0.0000,huggingface,failed,,batch=batch_control_flow_20260303_856a
control_flow_20260303_6902,2026-03-03T09:28:24.954708,,control_flow,"Modify Python code using EXCLUSIVELY Control Flow techniques to evade RF, NB, SGD, and NN classifiers. Prioritize surgical structural shifts: convert loops to comprehensions or vice versa, replace `if",huggingface,run_mlm.py,C:\Users\ees10\Documents\Repos\Adversarial_Stylometry\dataset_splits\huggingface\testing\run_mlm.py,C:\Users\ees10\Documents\Repos\Adversarial_Stylometry\automation\modified_files\batch_control_flow_20260303_856a\modified_run_mlm.py,ollama/qwen3.5:9b,huggingface,1.0000,huggingface,1.0000,False,huggingface,1.0000,huggingface,1.0000,False,huggingface,0.8954,huggingface,0.8935,False,huggingface,1.0000,huggingface,1.0000,False,0.7168,0.1076,0.0058,0.1076,0.0044,0.2250,0.0554,0.0001,0.0354,high,100.0000,100.0000,0,0.0000,huggingface,failed,,batch=batch_control_flow_20260303_856a
control_flow_20260303_a958,2026-03-03T09:29:52.384299,,control_flow,"Modify Python code using EXCLUSIVELY Control Flow techniques to evade RF, NB, SGD, and NN classifiers. Prioritize surgical structural shifts: convert loops to comprehensions or vice versa, replace `if",huggingface,run_mlm_no_trainer.py,C:\Users\ees10\Documents\Repos\Adversarial_Stylometry\dataset_splits\huggingface\testing\run_mlm_no_trainer.py,C:\Users\ees10\Documents\Repos\Adversarial_Stylometry\automation\modified_files\batch_control_flow_20260303_856a\modified_run_mlm_no_trainer.py,ollama/qwen3.5:9b,huggingface,1.0000,huggingface,1.0000,False,huggingface,1.0000,huggingface,1.0000,False,huggingface,0.8785,huggingface,0.8770,False,huggingface,1.0000,huggingface,1.0000,False,4.3014,0.4336,0.0940,0.4336,0.0462,0.6000,0.1562,0.0004,0.1687,high,100.0000,100.0000,0,0.0000,huggingface,failed,,batch=batch_control_flow_20260303_856a
control_flow_20260303_1a71,2026-03-03T09:32:21.770039,,control_flow,"Apply aggressive structural control flow variations preserving functionality. Swap `for` loops with comprehensions, invert iterator direction, and replace linear `if/elif` chains with `match/case` or ",huggingface,benchmarks_entrypoint.py,C:\Users\ees10\Documents\Repos\Adversarial_Stylometry\dataset_splits\huggingface\testing\benchmarks_entrypoint.py,C:\Users\ees10\Documents\Repos\Adversarial_Stylometry\automation\modified_files\batch_control_flow_20260303_30a7\modified_benchmarks_entrypoint.py,ollama/qwen3.5:9b,huggingface,0.9800,huggingface,0.9551,False,huggingface,1.0000,huggingface,1.0000,False,huggingface,0.7527,huggingface,0.7514,False,huggingface,0.9999,huggingface,0.9999,False,0.7606,0.1087,0.0059,0.1087,0.0078,0.1917,0.0490,0.0001,0.0363,high,100.0000,100.0000,0,0.0000,huggingface,failed,,batch=batch_control_flow_20260303_30a7
control_flow_20260303_7da9,2026-03-03T09:32:35.192067,,control_flow,"Apply aggressive structural control flow variations preserving functionality. Swap `for` loops with comprehensions, invert iterator direction, and replace linear `if/elif` chains with `match/case` or ",huggingface,modeling_my_new_model2.py,C:\Users\ees10\Documents\Repos\Adversarial_Stylometry\dataset_splits\huggingface\testing\modeling_my_new_model2.py,C:\Users\ees10\Documents\Repos\Adversarial_Stylometry\automation\modified_files\batch_control_flow_20260303_30a7\modified_modeling_my_new_model2.py,ollama/qwen3.5:9b,huggingface,0.9022,UNKNOWN,0.7507,True,huggingface,1.0000,UNKNOWN,0.6803,True,huggingface,0.8719,UNKNOWN,0.2927,True,huggingface,1.0000,UNKNOWN,0.2690,True,13.4941,1.4142,1.0000,1.4142,0.6929,2.6917,0.9998,0.0011,0.7440,low,100.0000,0.0000,4,100.0000,UNKNOWN,full_evasion,,batch=batch_control_flow_20260303_30a7
control_flow_20260303_8448,2026-03-03T09:32:52.433140,,control_flow,"Apply aggressive structural control flow variations preserving functionality. Swap `for` loops with comprehensions, invert iterator direction, and replace linear `if/elif` chains with `match/case` or ",huggingface,preprocess.py,C:\Users\ees10\Documents\Repos\Adversarial_Stylometry\dataset_splits\huggingface\testing\preprocess.py,C:\Users\ees10\Documents\Repos\Adversarial_Stylometry\automation\modified_files\batch_control_flow_20260303_30a7\modified_preprocess.py,ollama/qwen3.5:9b,UNKNOWN,0.6847,UNKNOWN,0.6753,False,huggingface,0.9995,huggingface,0.9994,False,huggingface,0.7351,huggingface,0.7322,False,huggingface,0.9965,huggingface,0.9960,False,1.1929,0.2566,0.0329,0.2566,0.0596,0.2000,0.1005,0.0001,0.0992,high,75.0000,75.0000,0,0.0000,huggingface,failed,,batch=batch_control_flow_20260303_30a7
control_flow_20260303_1d31,2026-03-03T09:34:59.152936,,control_flow,"Apply aggressive structural control flow variations preserving functionality. Swap `for` loops with comprehensions, invert iterator direction, and replace linear `if/elif` chains with `match/case` or ",huggingface,run_mlm.py,C:\Users\ees10\Documents\Repos\Adversarial_Stylometry\dataset_splits\huggingface\testing\run_mlm.py,C:\Users\ees10\Documents\Repos\Adversarial_Stylometry\automation\modified_files\batch_control_flow_20260303_30a7\modified_run_mlm.py,ollama/qwen3.5:9b,huggingface,1.0000,huggingface,1.0000,False,huggingface,1.0000,huggingface,1.0000,False,huggingface,0.8954,huggingface,0.8944,False,huggingface,1.0000,huggingface,1.0000,False,0.2441,0.0729,0.0027,0.0729,0.0009,0.0667,0.0349,0.0000,0.0230,high,100.0000,100.0000,0,0.0000,huggingface,failed,,batch=batch_control_flow_20260303_30a7
control_flow_20260303_6417,2026-03-03T09:37:49.910817,,control_flow,"Apply aggressive structural control flow variations preserving functionality. Swap `for` loops with comprehensions, invert iterator direction, and replace linear `if/elif` chains with `match/case` or ",huggingface,run_mlm_no_trainer.py,C:\Users\ees10\Documents\Repos\Adversarial_Stylometry\dataset_splits\huggingface\testing\run_mlm_no_trainer.py,C:\Users\ees10\Documents\Repos\Adversarial_Stylometry\automation\modified_files\batch_control_flow_20260303_30a7\modified_run_mlm_no_trainer.py,ollama/qwen3.5:9b,huggingface,1.0000,huggingface,1.0000,False,huggingface,1.0000,huggingface,1.0000,False,huggingface,0.8785,huggingface,0.8786,False,huggingface,1.0000,huggingface,1.0000,False,0.0537,0.0119,0.0001,0.0119,0.0001,0.0000,0.0094,0.0000,0.0036,high,100.0000,100.0000,0,0.0000,huggingface,failed,,batch=batch_control_flow_20260303_30a7
control_flow_20260303_659d,2026-03-03T09:39:54.049586,,control_flow,"Apply aggressive, multi-point structural shifts using ONLY Control Flow techniques per function block: convert `for` loops to list comprehensions or vice versa, replace `if/elif` chains with `match/ca",huggingface,benchmarks_entrypoint.py,C:\Users\ees10\Documents\Repos\Adversarial_Stylometry\dataset_splits\huggingface\testing\benchmarks_entrypoint.py,C:\Users\ees10\Documents\Repos\Adversarial_Stylometry\automation\modified_files\batch_control_flow_20260303_f470\modified_benchmarks_entrypoint.py,ollama/qwen3.5:9b,huggingface,0.9800,huggingface,0.9800,False,huggingface,1.0000,huggingface,1.0000,False,huggingface,0.7527,huggingface,0.7453,False,huggingface,0.9999,huggingface,0.9999,False,1.5409,0.1618,0.0131,0.1618,0.0118,0.3083,0.0947,0.0001,0.0554,high,100.0000,100.0000,0,0.0000,huggingface,failed,,batch=batch_control_flow_20260303_f470
control_flow_20260303_7b52,2026-03-03T09:40:08.956014,,control_flow,"Apply aggressive, multi-point structural shifts using ONLY Control Flow techniques per function block: convert `for` loops to list comprehensions or vice versa, replace `if/elif` chains with `match/ca",huggingface,modeling_my_new_model2.py,C:\Users\ees10\Documents\Repos\Adversarial_Stylometry\dataset_splits\huggingface\testing\modeling_my_new_model2.py,C:\Users\ees10\Documents\Repos\Adversarial_Stylometry\automation\modified_files\batch_control_flow_20260303_f470\modified_modeling_my_new_model2.py,ollama/qwen3.5:9b,huggingface,0.9022,UNKNOWN,0.7507,True,huggingface,1.0000,UNKNOWN,0.6803,True,huggingface,0.8719,UNKNOWN,0.2927,True,huggingface,1.0000,UNKNOWN,0.2690,True,13.4941,1.4142,1.0000,1.4142,0.6929,2.6917,0.9998,0.0011,0.7440,low,100.0000,0.0000,4,100.0000,UNKNOWN,full_evasion,,batch=batch_control_flow_20260303_f470
control_flow_20260303_9d80,2026-03-03T09:40:22.694268,,control_flow,"Apply aggressive, multi-point structural shifts using ONLY Control Flow techniques per function block: convert `for` loops to list comprehensions or vice versa, replace `if/elif` chains with `match/ca",huggingface,preprocess.py,C:\Users\ees10\Documents\Repos\Adversarial_Stylometry\dataset_splits\huggingface\testing\preprocess.py,C:\Users\ees10\Documents\Repos\Adversarial_Stylometry\automation\modified_files\batch_control_flow_20260303_f470\modified_preprocess.py,ollama/qwen3.5:9b,UNKNOWN,0.6847,UNKNOWN,0.6753,False,huggingface,0.9995,huggingface,0.9996,False,huggingface,0.7351,huggingface,0.7426,False,huggingface,0.9965,huggingface,0.9961,False,1.5976,0.3156,0.0498,0.3156,0.0545,0.3000,0.1331,0.0001,0.1211,high,75.0000,75.0000,0,0.0000,huggingface,failed,,batch=batch_control_flow_20260303_f470
control_flow_20260303_aa10,2026-03-03T09:41:42.774554,,control_flow,"Apply aggressive, multi-point structural shifts using ONLY Control Flow techniques per function block: convert `for` loops to list comprehensions or vice versa, replace `if/elif` chains with `match/ca",huggingface,run_mlm.py,C:\Users\ees10\Documents\Repos\Adversarial_Stylometry\dataset_splits\huggingface\testing\run_mlm.py,C:\Users\ees10\Documents\Repos\Adversarial_Stylometry\automation\modified_files\batch_control_flow_20260303_f470\modified_run_mlm.py,ollama/qwen3.5:9b,huggingface,1.0000,huggingface,1.0000,False,huggingface,1.0000,huggingface,1.0000,False,huggingface,0.8954,huggingface,0.8947,False,huggingface,1.0000,huggingface,1.0000,False,0.2541,0.0467,0.0011,0.0467,0.0024,0.0667,0.0174,0.0000,0.0149,high,100.0000,100.0000,0,0.0000,huggingface,failed,,batch=batch_control_flow_20260303_f470
control_flow_20260303_22ad,2026-03-03T09:43:27.755526,,control_flow,"Apply aggressive, multi-point structural shifts using ONLY Control Flow techniques per function block: convert `for` loops to list comprehensions or vice versa, replace `if/elif` chains with `match/ca",huggingface,run_mlm_no_trainer.py,C:\Users\ees10\Documents\Repos\Adversarial_Stylometry\dataset_splits\huggingface\testing\run_mlm_no_trainer.py,C:\Users\ees10\Documents\Repos\Adversarial_Stylometry\automation\modified_files\batch_control_flow_20260303_f470\modified_run_mlm_no_trainer.py,ollama/qwen3.5:9b,huggingface,1.0000,huggingface,1.0000,False,huggingface,1.0000,huggingface,1.0000,False,huggingface,0.8785,huggingface,0.8620,False,huggingface,1.0000,huggingface,1.0000,False,5.8271,0.2974,0.0442,0.2974,0.0515,1.3583,0.0920,0.0005,0.1155,high,100.0000,100.0000,0,0.0000,huggingface,failed,,batch=batch_control_flow_20260303_f470
control_flow_20260303_73fa,2026-03-03T09:45:04.698976,,control_flow,"Apply dense, multi-point structural variations within critical function blocks to evade all models. Prioritize replacing linear `if/elif` chains with dictionary dispatch or `match/case` statements. Co",huggingface,benchmarks_entrypoint.py,C:\Users\ees10\Documents\Repos\Adversarial_Stylometry\dataset_splits\huggingface\testing\benchmarks_entrypoint.py,C:\Users\ees10\Documents\Repos\Adversarial_Stylometry\automation\modified_files\batch_control_flow_20260303_cc8c\modified_benchmarks_entrypoint.py,ollama/qwen3.5:9b,huggingface,0.9800,huggingface,0.9800,False,huggingface,1.0000,huggingface,1.0000,False,huggingface,0.7527,huggingface,0.7417,False,huggingface,0.9999,huggingface,0.9999,False,0.8942,0.1082,0.0059,0.1082,0.0084,0.2417,0.0446,0.0001,0.0364,high,100.0000,100.0000,0,0.0000,huggingface,failed,,batch=batch_control_flow_20260303_cc8c
control_flow_20260303_9b81,2026-03-03T09:45:14.961263,,control_flow,"Apply dense, multi-point structural variations within critical function blocks to evade all models. Prioritize replacing linear `if/elif` chains with dictionary dispatch or `match/case` statements. Co",huggingface,modeling_my_new_model2.py,C:\Users\ees10\Documents\Repos\Adversarial_Stylometry\dataset_splits\huggingface\testing\modeling_my_new_model2.py,C:\Users\ees10\Documents\Repos\Adversarial_Stylometry\automation\modified_files\batch_control_flow_20260303_cc8c\modified_modeling_my_new_model2.py,ollama/qwen3.5:9b,huggingface,0.9022,UNKNOWN,0.7507,True,huggingface,1.0000,UNKNOWN,0.6803,True,huggingface,0.8719,UNKNOWN,0.2927,True,huggingface,1.0000,UNKNOWN,0.2690,True,13.4941,1.4142,1.0000,1.4142,0.6929,2.6917,0.9998,0.0011,0.7440,low,100.0000,0.0000,4,100.0000,UNKNOWN,full_evasion,,batch=batch_control_flow_20260303_cc8c
control_flow_20260303_f402,2026-03-03T09:45:33.037353,,control_flow,"Apply dense, multi-point structural variations within critical function blocks to evade all models. Prioritize replacing linear `if/elif` chains with dictionary dispatch or `match/case` statements. Co",huggingface,preprocess.py,C:\Users\ees10\Documents\Repos\Adversarial_Stylometry\dataset_splits\huggingface\testing\preprocess.py,C:\Users\ees10\Documents\Repos\Adversarial_Stylometry\automation\modified_files\batch_control_flow_20260303_cc8c\modified_preprocess.py,ollama/qwen3.5:9b,UNKNOWN,0.6847,UNKNOWN,0.6864,False,huggingface,0.9995,huggingface,0.9991,False,huggingface,0.7351,huggingface,0.7042,False,huggingface,0.9965,huggingface,0.9956,False,0.8996,0.1884,0.0177,0.1884,0.0320,0.1917,0.0923,0.0001,0.0686,high,75.0000,75.0000,0,0.0000,huggingface,failed,,batch=batch_control_flow_20260303_cc8c
control_flow_20260303_228e,2026-03-03T09:46:59.340988,,control_flow,"Apply dense, multi-point structural variations within critical function blocks to evade all models. Prioritize replacing linear `if/elif` chains with dictionary dispatch or `match/case` statements. Co",huggingface,run_mlm.py,C:\Users\ees10\Documents\Repos\Adversarial_Stylometry\dataset_splits\huggingface\testing\run_mlm.py,C:\Users\ees10\Documents\Repos\Adversarial_Stylometry\automation\modified_files\batch_control_flow_20260303_cc8c\modified_run_mlm.py,ollama/qwen3.5:9b,huggingface,1.0000,huggingface,1.0000,False,huggingface,1.0000,huggingface,1.0000,False,huggingface,0.8954,huggingface,0.8931,False,huggingface,1.0000,huggingface,1.0000,False,1.5270,0.1015,0.0052,0.1015,0.0037,0.1500,0.0412,0.0001,0.0330,high,100.0000,100.0000,0,0.0000,huggingface,failed,,batch=batch_control_flow_20260303_cc8c
control_flow_20260303_d396,2026-03-03T09:48:46.626100,,control_flow,"Apply dense, multi-point structural variations within critical function blocks to evade all models. Prioritize replacing linear `if/elif` chains with dictionary dispatch or `match/case` statements. Co",huggingface,run_mlm_no_trainer.py,C:\Users\ees10\Documents\Repos\Adversarial_Stylometry\dataset_splits\huggingface\testing\run_mlm_no_trainer.py,C:\Users\ees10\Documents\Repos\Adversarial_Stylometry\automation\modified_files\batch_control_flow_20260303_cc8c\modified_run_mlm_no_trainer.py,ollama/qwen3.5:9b,huggingface,1.0000,huggingface,1.0000,False,huggingface,1.0000,huggingface,1.0000,False,huggingface,0.8785,huggingface,0.8783,False,huggingface,1.0000,huggingface,1.0000,False,0.7178,0.0881,0.0039,0.0881,0.0045,0.1583,0.0423,0.0001,0.0288,high,100.0000,100.0000,0,0.0000,huggingface,failed,,batch=batch_control_flow_20260303_cc8c
control_flow_20260303_1795,2026-03-03T09:49:58.428209,,control_flow,Apply maximal structural divergence using ONLY Control Flow techniques. Replace sequential `if/elif` chains with dictionary dispatch or `match/case` blocks to drastically alter token order and density,huggingface,benchmarks_entrypoint.py,C:\Users\ees10\Documents\Repos\Adversarial_Stylometry\dataset_splits\huggingface\testing\benchmarks_entrypoint.py,C:\Users\ees10\Documents\Repos\Adversarial_Stylometry\automation\modified_files\batch_control_flow_20260303_1a73\modified_benchmarks_entrypoint.py,ollama/qwen3.5:9b,huggingface,0.9800,huggingface,0.9800,False,huggingface,1.0000,huggingface,1.0000,False,huggingface,0.7527,huggingface,0.7664,False,huggingface,0.9999,huggingface,0.9999,False,6.9862,0.5793,0.1678,0.5793,0.0985,1.4000,0.2109,0.0006,0.2467,medium,100.0000,100.0000,0,0.0000,huggingface,failed,,batch=batch_control_flow_20260303_1a73
control_flow_20260303_f280,2026-03-03T09:50:09.163401,,control_flow,Apply maximal structural divergence using ONLY Control Flow techniques. Replace sequential `if/elif` chains with dictionary dispatch or `match/case` blocks to drastically alter token order and density,huggingface,modeling_my_new_model2.py,C:\Users\ees10\Documents\Repos\Adversarial_Stylometry\dataset_splits\huggingface\testing\modeling_my_new_model2.py,C:\Users\ees10\Documents\Repos\Adversarial_Stylometry\automation\modified_files\batch_control_flow_20260303_1a73\modified_modeling_my_new_model2.py,ollama/qwen3.5:9b,huggingface,0.9022,UNKNOWN,0.7507,True,huggingface,1.0000,UNKNOWN,0.6803,True,huggingface,0.8719,UNKNOWN,0.2927,True,huggingface,1.0000,UNKNOWN,0.2690,True,13.4941,1.4142,1.0000,1.4142,0.6929,2.6917,0.9998,0.0011,0.7440,low,100.0000,0.0000,4,100.0000,UNKNOWN,full_evasion,,batch=batch_control_flow_20260303_1a73
control_flow_20260303_2888,2026-03-03T09:50:33.255345,,control_flow,Apply maximal structural divergence using ONLY Control Flow techniques. Replace sequential `if/elif` chains with dictionary dispatch or `match/case` blocks to drastically alter token order and density,huggingface,preprocess.py,C:\Users\ees10\Documents\Repos\Adversarial_Stylometry\dataset_splits\huggingface\testing\preprocess.py,C:\Users\ees10\Documents\Repos\Adversarial_Stylometry\automation\modified_files\batch_control_flow_20260303_1a73\modified_preprocess.py,ollama/qwen3.5:9b,UNKNOWN,0.6847,UNKNOWN,0.6770,False,huggingface,0.9995,huggingface,0.9977,False,huggingface,0.7351,huggingface,0.6397,False,huggingface,0.9965,huggingface,0.9892,False,2.6684,0.4953,0.1226,0.4953,0.1244,0.3333,0.1748,0.0002,0.2109,medium,75.0000,75.0000,0,0.0000,huggingface,failed,,batch=batch_control_flow_20260303_1a73
control_flow_20260303_e00b,2026-03-03T09:51:56.745814,,control_flow,Apply maximal structural divergence using ONLY Control Flow techniques. Replace sequential `if/elif` chains with dictionary dispatch or `match/case` blocks to drastically alter token order and density,huggingface,run_mlm.py,C:\Users\ees10\Documents\Repos\Adversarial_Stylometry\dataset_splits\huggingface\testing\run_mlm.py,C:\Users\ees10\Documents\Repos\Adversarial_Stylometry\automation\modified_files\batch_control_flow_20260303_1a73\modified_run_mlm.py,ollama/qwen3.5:9b,huggingface,1.0000,huggingface,1.0000,False,huggingface,1.0000,huggingface,1.0000,False,huggingface,0.8954,huggingface,0.8960,False,huggingface,1.0000,huggingface,1.0000,False,0.4285,0.0505,0.0013,0.0505,0.0015,0.0250,0.0203,0.0000,0.0159,high,100.0000,100.0000,0,0.0000,huggingface,failed,,batch=batch_control_flow_20260303_1a73
control_flow_20260303_9a0c,2026-03-03T09:53:38.858796,,control_flow,Apply maximal structural divergence using ONLY Control Flow techniques. Replace sequential `if/elif` chains with dictionary dispatch or `match/case` blocks to drastically alter token order and density,huggingface,run_mlm_no_trainer.py,C:\Users\ees10\Documents\Repos\Adversarial_Stylometry\dataset_splits\huggingface\testing\run_mlm_no_trainer.py,C:\Users\ees10\Documents\Repos\Adversarial_Stylometry\automation\modified_files\batch_control_flow_20260303_1a73\modified_run_mlm_no_trainer.py,ollama/qwen3.5:9b,huggingface,1.0000,huggingface,1.0000,False,huggingface,1.0000,huggingface,1.0000,False,huggingface,0.8785,huggingface,0.8789,False,huggingface,1.0000,huggingface,1.0000,False,0.1228,0.0332,0.0005,0.0332,0.0007,0.0417,0.0143,0.0000,0.0103,high,100.0000,100.0000,0,0.0000,huggingface,failed,,batch=batch_control_flow_20260303_1a73
control_flow_20260303_347e,2026-03-03T09:55:25.916301,,control_flow,"Apply targeted control flow obfuscation to evade all models. Convert `for` loops to generator expressions or comprehensions only where logic permits, shifting token order. Replace sequential `if/elif`",huggingface,benchmarks_entrypoint.py,C:\Users\ees10\Documents\Repos\Adversarial_Stylometry\dataset_splits\huggingface\testing\benchmarks_entrypoint.py,C:\Users\ees10\Documents\Repos\Adversarial_Stylometry\automation\modified_files\batch_control_flow_20260303_e1ff\modified_benchmarks_entrypoint.py,ollama/qwen3.5:9b,huggingface,0.9800,huggingface,0.9800,False,huggingface,1.0000,huggingface,1.0000,False,huggingface,0.7527,huggingface,0.7424,False,huggingface,0.9999,huggingface,0.9999,False,1.6748,0.2117,0.0224,0.2117,0.0183,0.4417,0.0720,0.0001,0.0748,high,100.0000,100.0000,0,0.0000,huggingface,failed,,batch=batch_control_flow_20260303_e1ff
control_flow_20260303_29b1,2026-03-03T09:55:37.173490,,control_flow,"Apply targeted control flow obfuscation to evade all models. Convert `for` loops to generator expressions or comprehensions only where logic permits, shifting token order. Replace sequential `if/elif`",huggingface,modeling_my_new_model2.py,C:\Users\ees10\Documents\Repos\Adversarial_Stylometry\dataset_splits\huggingface\testing\modeling_my_new_model2.py,C:\Users\ees10\Documents\Repos\Adversarial_Stylometry\automation\modified_files\batch_control_flow_20260303_e1ff\modified_modeling_my_new_model2.py,ollama/qwen3.5:9b,huggingface,0.9022,UNKNOWN,0.7507,True,huggingface,1.0000,UNKNOWN,0.6803,True,huggingface,0.8719,UNKNOWN,0.2927,True,huggingface,1.0000,UNKNOWN,0.2690,True,13.4941,1.4142,1.0000,1.4142,0.6929,2.6917,0.9998,0.0011,0.7440,low,100.0000,0.0000,4,100.0000,UNKNOWN,full_evasion,,batch=batch_control_flow_20260303_e1ff
control_flow_20260303_ad96,2026-03-03T09:56:47.816642,,control_flow,"Apply targeted control flow obfuscation to evade all models. Convert `for` loops to generator expressions or comprehensions only where logic permits, shifting token order. Replace sequential `if/elif`",huggingface,preprocess.py,C:\Users\ees10\Documents\Repos\Adversarial_Stylometry\dataset_splits\huggingface\testing\preprocess.py,C:\Users\ees10\Documents\Repos\Adversarial_Stylometry\automation\modified_files\batch_control_flow_20260303_e1ff\modified_preprocess.py,ollama/qwen3.5:9b,UNKNOWN,0.6847,UNKNOWN,0.6847,False,huggingface,0.9995,huggingface,0.9995,False,huggingface,0.7351,huggingface,0.7318,False,huggingface,0.9965,huggingface,0.9965,False,0.0872,0.0488,0.0012,0.0488,0.0011,0.0167,0.0398,0.0000,0.0153,high,75.0000,75.0000,0,0.0000,huggingface,failed,,batch=batch_control_flow_20260303_e1ff
control_flow_20260303_6e66,2026-03-03T09:58:11.862602,,control_flow,"Apply targeted control flow obfuscation to evade all models. Convert `for` loops to generator expressions or comprehensions only where logic permits, shifting token order. Replace sequential `if/elif`",huggingface,run_mlm.py,C:\Users\ees10\Documents\Repos\Adversarial_Stylometry\dataset_splits\huggingface\testing\run_mlm.py,C:\Users\ees10\Documents\Repos\Adversarial_Stylometry\automation\modified_files\batch_control_flow_20260303_e1ff\modified_run_mlm.py,ollama/qwen3.5:9b,huggingface,1.0000,huggingface,1.0000,False,huggingface,1.0000,huggingface,1.0000,False,huggingface,0.8954,huggingface,0.8946,False,huggingface,1.0000,huggingface,1.0000,False,0.4232,0.0619,0.0019,0.0619,0.0015,0.0667,0.0342,0.0000,0.0196,high,100.0000,100.0000,0,0.0000,huggingface,failed,,batch=batch_control_flow_20260303_e1ff
control_flow_20260303_3a37,2026-03-03T09:59:47.387025,,control_flow,"Apply targeted control flow obfuscation to evade all models. Convert `for` loops to generator expressions or comprehensions only where logic permits, shifting token order. Replace sequential `if/elif`",huggingface,run_mlm_no_trainer.py,C:\Users\ees10\Documents\Repos\Adversarial_Stylometry\dataset_splits\huggingface\testing\run_mlm_no_trainer.py,C:\Users\ees10\Documents\Repos\Adversarial_Stylometry\automation\modified_files\batch_control_flow_20260303_e1ff\modified_run_mlm_no_trainer.py,ollama/qwen3.5:9b,huggingface,1.0000,huggingface,1.0000,False,huggingface,1.0000,huggingface,1.0000,False,huggingface,0.8785,huggingface,0.8785,False,huggingface,1.0000,huggingface,1.0000,False,0.0060,0.0057,0.0000,0.0057,0.0001,0.0000,0.0057,0.0000,0.0017,high,100.0000,100.0000,0,0.0000,huggingface,failed,,batch=batch_control_flow_20260303_e1ff
control_flow_20260303_0bd8,2026-03-03T10:01:35.568996,,control_flow,Aggressively mix Control Flow patterns to boost evasion while maintaining stealth < 0.5. Convert `for` loops to comprehensions and simultaneously invert boolean conditions (`and` <-> `or`) within nest,huggingface,benchmarks_entrypoint.py,C:\Users\ees10\Documents\Repos\Adversarial_Stylometry\dataset_splits\huggingface\testing\benchmarks_entrypoint.py,C:\Users\ees10\Documents\Repos\Adversarial_Stylometry\automation\modified_files\batch_control_flow_20260303_96a4\modified_benchmarks_entrypoint.py,ollama/qwen3.5:9b,huggingface,0.9800,huggingface,0.9800,False,huggingface,1.0000,huggingface,1.0000,False,huggingface,0.7527,huggingface,0.7585,False,huggingface,0.9999,huggingface,0.9999,False,0.3713,0.0726,0.0026,0.0726,0.0023,0.0417,0.0565,0.0000,0.0231,high,100.0000,100.0000,0,0.0000,huggingface,failed,,batch=batch_control_flow_20260303_96a4
control_flow_20260303_5207,2026-03-03T10:01:49.325123,,control_flow,Aggressively mix Control Flow patterns to boost evasion while maintaining stealth < 0.5. Convert `for` loops to comprehensions and simultaneously invert boolean conditions (`and` <-> `or`) within nest,huggingface,modeling_my_new_model2.py,C:\Users\ees10\Documents\Repos\Adversarial_Stylometry\dataset_splits\huggingface\testing\modeling_my_new_model2.py,C:\Users\ees10\Documents\Repos\Adversarial_Stylometry\automation\modified_files\batch_control_flow_20260303_96a4\modified_modeling_my_new_model2.py,ollama/qwen3.5:9b,huggingface,0.9022,UNKNOWN,0.7507,True,huggingface,1.0000,UNKNOWN,0.6803,True,huggingface,0.8719,UNKNOWN,0.2927,True,huggingface,1.0000,UNKNOWN,0.2690,True,13.4941,1.4142,1.0000,1.4142,0.6929,2.6917,0.9998,0.0011,0.7440,low,100.0000,0.0000,4,100.0000,UNKNOWN,full_evasion,,batch=batch_control_flow_20260303_96a4
control_flow_20260303_a519,2026-03-03T10:02:05.310969,,control_flow,Aggressively mix Control Flow patterns to boost evasion while maintaining stealth < 0.5. Convert `for` loops to comprehensions and simultaneously invert boolean conditions (`and` <-> `or`) within nest,huggingface,preprocess.py,C:\Users\ees10\Documents\Repos\Adversarial_Stylometry\dataset_splits\huggingface\testing\preprocess.py,C:\Users\ees10\Documents\Repos\Adversarial_Stylometry\automation\modified_files\batch_control_flow_20260303_96a4\modified_preprocess.py,ollama/qwen3.5:9b,UNKNOWN,0.6847,UNKNOWN,0.6819,False,huggingface,0.9995,huggingface,0.9992,False,huggingface,0.7351,huggingface,0.7088,False,huggingface,0.9965,huggingface,0.9938,False,3.0153,0.5901,0.1741,0.5901,0.1249,0.4417,0.4011,0.0003,0.2551,medium,75.0000,75.0000,0,0.0000,huggingface,failed,,batch=batch_control_flow_20260303_96a4
control_flow_20260303_af4e,2026-03-03T10:03:28.330167,,control_flow,Aggressively mix Control Flow patterns to boost evasion while maintaining stealth < 0.5. Convert `for` loops to comprehensions and simultaneously invert boolean conditions (`and` <-> `or`) within nest,huggingface,run_mlm.py,C:\Users\ees10\Documents\Repos\Adversarial_Stylometry\dataset_splits\huggingface\testing\run_mlm.py,C:\Users\ees10\Documents\Repos\Adversarial_Stylometry\automation\modified_files\batch_control_flow_20260303_96a4\modified_run_mlm.py,ollama/qwen3.5:9b,huggingface,1.0000,huggingface,1.0000,False,huggingface,1.0000,huggingface,1.0000,False,huggingface,0.8954,huggingface,0.8952,False,huggingface,1.0000,huggingface,1.0000,False,0.1134,0.0312,0.0005,0.0312,0.0005,0.0167,0.0192,0.0000,0.0097,high,100.0000,100.0000,0,0.0000,huggingface,failed,,batch=batch_control_flow_20260303_96a4
control_flow_20260303_0e8c,2026-03-03T10:05:09.773646,,control_flow,Aggressively mix Control Flow patterns to boost evasion while maintaining stealth < 0.5. Convert `for` loops to comprehensions and simultaneously invert boolean conditions (`and` <-> `or`) within nest,huggingface,run_mlm_no_trainer.py,C:\Users\ees10\Documents\Repos\Adversarial_Stylometry\dataset_splits\huggingface\testing\run_mlm_no_trainer.py,C:\Users\ees10\Documents\Repos\Adversarial_Stylometry\automation\modified_files\batch_control_flow_20260303_96a4\modified_run_mlm_no_trainer.py,ollama/qwen3.5:9b,huggingface,1.0000,huggingface,1.0000,False,huggingface,1.0000,huggingface,1.0000,False,huggingface,0.8785,huggingface,0.8785,False,huggingface,1.0000,huggingface,1.0000,False,0.0002,0.0001,0.0000,0.0001,0.0000,0.0000,0.0001,0.0000,0.0000,high,100.0000,100.0000,0,0.0000,huggingface,failed,,batch=batch_control_flow_20260303_96a4
control_flow_20260303_77db,2026-03-03T10:07:14.327963,,control_flow,Focus on files with 0% evasion. Apply aggressive Control Flow restructuring without renaming variables or changing whitespace. Convert `for` loops to nested list comprehensions or generator expression,huggingface,benchmarks_entrypoint.py,C:\Users\ees10\Documents\Repos\Adversarial_Stylometry\dataset_splits\huggingface\testing\benchmarks_entrypoint.py,C:\Users\ees10\Documents\Repos\Adversarial_Stylometry\automation\modified_files\batch_control_flow_20260303_168d\modified_benchmarks_entrypoint.py,ollama/qwen3.5:9b,huggingface,0.9800,huggingface,0.9750,False,huggingface,1.0000,huggingface,0.9999,False,huggingface,0.7527,huggingface,0.6557,False,huggingface,0.9999,huggingface,0.9994,False,6.2398,0.5678,0.1612,0.5678,0.0707,1.1667,0.2352,0.0005,0.2352,medium,100.0000,100.0000,0,0.0000,huggingface,failed,,batch=batch_control_flow_20260303_168d
control_flow_20260303_9f94,2026-03-03T10:07:28.250359,,control_flow,Focus on files with 0% evasion. Apply aggressive Control Flow restructuring without renaming variables or changing whitespace. Convert `for` loops to nested list comprehensions or generator expression,huggingface,modeling_my_new_model2.py,C:\Users\ees10\Documents\Repos\Adversarial_Stylometry\dataset_splits\huggingface\testing\modeling_my_new_model2.py,C:\Users\ees10\Documents\Repos\Adversarial_Stylometry\automation\modified_files\batch_control_flow_20260303_168d\modified_modeling_my_new_model2.py,ollama/qwen3.5:9b,huggingface,0.9022,UNKNOWN,0.7507,True,huggingface,1.0000,UNKNOWN,0.6803,True,huggingface,0.8719,UNKNOWN,0.2927,True,huggingface,1.0000,UNKNOWN,0.2690,True,13.4941,1.4142,1.0000,1.4142,0.6929,2.6917,0.9998,0.0011,0.7440,low,100.0000,0.0000,4,100.0000,UNKNOWN,full_evasion,,batch=batch_control_flow_20260303_168d
control_flow_20260303_6d20,2026-03-03T10:07:52.173069,,control_flow,Focus on files with 0% evasion. Apply aggressive Control Flow restructuring without renaming variables or changing whitespace. Convert `for` loops to nested list comprehensions or generator expression,huggingface,preprocess.py,C:\Users\ees10\Documents\Repos\Adversarial_Stylometry\dataset_splits\huggingface\testing\preprocess.py,C:\Users\ees10\Documents\Repos\Adversarial_Stylometry\automation\modified_files\batch_control_flow_20260303_168d\modified_preprocess.py,ollama/qwen3.5:9b,UNKNOWN,0.6847,UNKNOWN,0.6822,False,huggingface,0.9995,huggingface,0.9895,False,huggingface,0.7351,huggingface,0.5301,False,huggingface,0.9965,huggingface,0.9805,False,3.8841,0.6561,0.2152,0.6561,0.1339,0.5583,0.2685,0.0003,0.2893,medium,75.0000,75.0000,0,0.0000,huggingface,failed,,batch=batch_control_flow_20260303_168d
control_flow_20260303_d017,2026-03-03T10:09:08.611130,,control_flow,Focus on files with 0% evasion. Apply aggressive Control Flow restructuring without renaming variables or changing whitespace. Convert `for` loops to nested list comprehensions or generator expression,huggingface,run_mlm.py,C:\Users\ees10\Documents\Repos\Adversarial_Stylometry\dataset_splits\huggingface\testing\run_mlm.py,C:\Users\ees10\Documents\Repos\Adversarial_Stylometry\automation\modified_files\batch_control_flow_20260303_168d\modified_run_mlm.py,ollama/qwen3.5:9b,huggingface,1.0000,huggingface,0.9950,False,huggingface,1.0000,huggingface,1.0000,False,huggingface,0.8954,huggingface,0.8762,False,huggingface,1.0000,huggingface,1.0000,False,5.8374,0.3491,0.0610,0.3491,0.0594,1.4750,0.1087,0.0005,0.1379,high,100.0000,100.0000,0,0.0000,huggingface,failed,,batch=batch_control_flow_20260303_168d
control_flow_20260303_6bbd,2026-03-03T10:11:11.607394,,control_flow,Focus on files with 0% evasion. Apply aggressive Control Flow restructuring without renaming variables or changing whitespace. Convert `for` loops to nested list comprehensions or generator expression,huggingface,run_mlm_no_trainer.py,C:\Users\ees10\Documents\Repos\Adversarial_Stylometry\dataset_splits\huggingface\testing\run_mlm_no_trainer.py,C:\Users\ees10\Documents\Repos\Adversarial_Stylometry\automation\modified_files\batch_control_flow_20260303_168d\modified_run_mlm_no_trainer.py,ollama/qwen3.5:9b,huggingface,1.0000,huggingface,1.0000,False,huggingface,1.0000,huggingface,1.0000,False,huggingface,0.8785,huggingface,0.8613,False,huggingface,1.0000,huggingface,1.0000,False,5.1294,0.2919,0.0426,0.2919,0.0492,1.2250,0.0995,0.0004,0.1127,high,100.0000,100.0000,0,0.0000,huggingface,failed,,batch=batch_control_flow_20260303_168d
control_flow_20260303_e2b5,2026-03-03T10:13:08.812011,,control_flow,"Target un-evaded files immediately. Maintain strict CONTROL FLOW constraints: NO variable renaming, comments, or whitespace changes. Maximize token permutation via allowed techniques only. 1) Deeply i",huggingface,benchmarks_entrypoint.py,C:\Users\ees10\Documents\Repos\Adversarial_Stylometry\dataset_splits\huggingface\testing\benchmarks_entrypoint.py,C:\Users\ees10\Documents\Repos\Adversarial_Stylometry\automation\modified_files\batch_control_flow_20260303_4e18\modified_benchmarks_entrypoint.py,ollama/qwen3.5:9b,huggingface,0.9800,huggingface,0.9800,False,huggingface,1.0000,huggingface,1.0000,False,huggingface,0.7527,huggingface,0.7532,False,huggingface,0.9999,huggingface,0.9999,False,0.0202,0.0109,0.0001,0.0109,0.0000,0.0000,0.0089,0.0000,0.0033,high,100.0000,100.0000,0,0.0000,huggingface,failed,,batch=batch_control_flow_20260303_4e18
control_flow_20260303_b596,2026-03-03T10:13:21.416335,,control_flow,"Target un-evaded files immediately. Maintain strict CONTROL FLOW constraints: NO variable renaming, comments, or whitespace changes. Maximize token permutation via allowed techniques only. 1) Deeply i",huggingface,modeling_my_new_model2.py,C:\Users\ees10\Documents\Repos\Adversarial_Stylometry\dataset_splits\huggingface\testing\modeling_my_new_model2.py,C:\Users\ees10\Documents\Repos\Adversarial_Stylometry\automation\modified_files\batch_control_flow_20260303_4e18\modified_modeling_my_new_model2.py,ollama/qwen3.5:9b,huggingface,0.9022,UNKNOWN,0.7507,True,huggingface,1.0000,UNKNOWN,0.6803,True,huggingface,0.8719,UNKNOWN,0.2927,True,huggingface,1.0000,UNKNOWN,0.2690,True,13.4941,1.4142,1.0000,1.4142,0.6929,2.6917,0.9998,0.0011,0.7440,low,100.0000,0.0000,4,100.0000,UNKNOWN,full_evasion,,batch=batch_control_flow_20260303_4e18
control_flow_20260303_8e04,2026-03-03T10:13:45.292945,,control_flow,"Target un-evaded files immediately. Maintain strict CONTROL FLOW constraints: NO variable renaming, comments, or whitespace changes. Maximize token permutation via allowed techniques only. 1) Deeply i",huggingface,preprocess.py,C:\Users\ees10\Documents\Repos\Adversarial_Stylometry\dataset_splits\huggingface\testing\preprocess.py,C:\Users\ees10\Documents\Repos\Adversarial_Stylometry\automation\modified_files\batch_control_flow_20260303_4e18\modified_preprocess.py,ollama/qwen3.5:9b,UNKNOWN,0.6847,UNKNOWN,0.6847,False,huggingface,0.9995,huggingface,0.9995,False,huggingface,0.7351,huggingface,0.7351,False,huggingface,0.9965,huggingface,0.9965,False,0.0000,0.0000,0.0000,0.0000,0.0000,0.0000,0.0000,0.0000,0.0000,high,75.0000,75.0000,0,0.0000,huggingface,failed,,batch=batch_control_flow_20260303_4e18
control_flow_20260303_41b8,2026-03-03T10:15:14.763676,,control_flow,"Target un-evaded files immediately. Maintain strict CONTROL FLOW constraints: NO variable renaming, comments, or whitespace changes. Maximize token permutation via allowed techniques only. 1) Deeply i",huggingface,run_mlm.py,C:\Users\ees10\Documents\Repos\Adversarial_Stylometry\dataset_splits\huggingface\testing\run_mlm.py,C:\Users\ees10\Documents\Repos\Adversarial_Stylometry\automation\modified_files\batch_control_flow_20260303_4e18\modified_run_mlm.py,ollama/qwen3.5:9b,huggingface,1.0000,huggingface,1.0000,False,huggingface,1.0000,huggingface,1.0000,False,huggingface,0.8954,huggingface,0.8949,False,huggingface,1.0000,huggingface,1.0000,False,0.3463,0.0427,0.0009,0.0427,0.0006,0.0250,0.0201,0.0000,0.0133,high,100.0000,100.0000,0,0.0000,huggingface,failed,,batch=batch_control_flow_20260303_4e18
control_flow_20260303_2da7,2026-03-03T10:16:53.193202,,control_flow,"Target un-evaded files immediately. Maintain strict CONTROL FLOW constraints: NO variable renaming, comments, or whitespace changes. Maximize token permutation via allowed techniques only. 1) Deeply i",huggingface,run_mlm_no_trainer.py,C:\Users\ees10\Documents\Repos\Adversarial_Stylometry\dataset_splits\huggingface\testing\run_mlm_no_trainer.py,C:\Users\ees10\Documents\Repos\Adversarial_Stylometry\automation\modified_files\batch_control_flow_20260303_4e18\modified_run_mlm_no_trainer.py,ollama/qwen3.5:9b,huggingface,1.0000,huggingface,1.0000,False,huggingface,1.0000,huggingface,1.0000,False,huggingface,0.8785,huggingface,0.8771,False,huggingface,1.0000,huggingface,1.0000,False,0.8070,0.0679,0.0023,0.0679,0.0027,0.0583,0.0223,0.0001,0.0217,high,100.0000,100.0000,0,0.0000,huggingface,failed,,batch=batch_control_flow_20260303_4e18
control_flow_20260303_45e5,2026-03-03T10:18:19.332805,,control_flow,Prioritize structural topology changes to maximize token permutation while maintaining original whitespace and indentation. Convert every eligible `for` loop to a list comprehension or generator expre,huggingface,benchmarks_entrypoint.py,C:\Users\ees10\Documents\Repos\Adversarial_Stylometry\dataset_splits\huggingface\testing\benchmarks_entrypoint.py,C:\Users\ees10\Documents\Repos\Adversarial_Stylometry\automation\modified_files\batch_control_flow_20260303_d327\modified_benchmarks_entrypoint.py,ollama/qwen3.5:9b,huggingface,0.9800,huggingface,0.9800,False,huggingface,1.0000,huggingface,1.0000,False,huggingface,0.7527,huggingface,0.7437,False,huggingface,0.9999,huggingface,0.9999,False,3.0401,0.2757,0.0380,0.2757,0.0304,0.7500,0.1051,0.0003,0.1017,high,100.0000,100.0000,0,0.0000,huggingface,failed,,batch=batch_control_flow_20260303_d327
control_flow_20260303_af80,2026-03-03T10:18:32.252981,,control_flow,Prioritize structural topology changes to maximize token permutation while maintaining original whitespace and indentation. Convert every eligible `for` loop to a list comprehension or generator expre,huggingface,modeling_my_new_model2.py,C:\Users\ees10\Documents\Repos\Adversarial_Stylometry\dataset_splits\huggingface\testing\modeling_my_new_model2.py,C:\Users\ees10\Documents\Repos\Adversarial_Stylometry\automation\modified_files\batch_control_flow_20260303_d327\modified_modeling_my_new_model2.py,ollama/qwen3.5:9b,huggingface,0.9022,UNKNOWN,0.7507,True,huggingface,1.0000,UNKNOWN,0.6803,True,huggingface,0.8719,UNKNOWN,0.2927,True,huggingface,1.0000,UNKNOWN,0.2690,True,13.4941,1.4142,1.0000,1.4142,0.6929,2.6917,0.9998,0.0011,0.7440,low,100.0000,0.0000,4,100.0000,UNKNOWN,full_evasion,,batch=batch_control_flow_20260303_d327
control_flow_20260303_1b1f,2026-03-03T10:18:57.759728,,control_flow,Prioritize structural topology changes to maximize token permutation while maintaining original whitespace and indentation. Convert every eligible `for` loop to a list comprehension or generator expre,huggingface,preprocess.py,C:\Users\ees10\Documents\Repos\Adversarial_Stylometry\dataset_splits\huggingface\testing\preprocess.py,C:\Users\ees10\Documents\Repos\Adversarial_Stylometry\automation\modified_files\batch_control_flow_20260303_d327\modified_preprocess.py,ollama/qwen3.5:9b,UNKNOWN,0.6847,UNKNOWN,0.6763,False,huggingface,0.9995,huggingface,0.9980,False,huggingface,0.7351,huggingface,0.6198,False,huggingface,0.9965,huggingface,0.9898,False,2.7095,0.4024,0.0810,0.4024,0.0900,0.4917,0.1253,0.0002,0.1640,high,75.0000,75.0000,0,0.0000,huggingface,failed,,batch=batch_control_flow_20260303_d327
control_flow_20260303_f95a,2026-03-03T10:20:46.736200,,control_flow,Prioritize structural topology changes to maximize token permutation while maintaining original whitespace and indentation. Convert every eligible `for` loop to a list comprehension or generator expre,huggingface,run_mlm.py,C:\Users\ees10\Documents\Repos\Adversarial_Stylometry\dataset_splits\huggingface\testing\run_mlm.py,C:\Users\ees10\Documents\Repos\Adversarial_Stylometry\automation\modified_files\batch_control_flow_20260303_d327\modified_run_mlm.py,ollama/qwen3.5:9b,huggingface,1.0000,huggingface,1.0000,False,huggingface,1.0000,huggingface,1.0000,False,huggingface,0.8954,huggingface,0.8960,False,huggingface,1.0000,huggingface,1.0000,False,1.5006,0.1630,0.0133,0.1630,0.0061,0.2250,0.1184,0.0001,0.0546,high,100.0000,100.0000,0,0.0000,huggingface,failed,,batch=batch_control_flow_20260303_d327
control_flow_20260303_85b4,2026-03-03T10:22:57.333393,,control_flow,Prioritize structural topology changes to maximize token permutation while maintaining original whitespace and indentation. Convert every eligible `for` loop to a list comprehension or generator expre,huggingface,run_mlm_no_trainer.py,C:\Users\ees10\Documents\Repos\Adversarial_Stylometry\dataset_splits\huggingface\testing\run_mlm_no_trainer.py,C:\Users\ees10\Documents\Repos\Adversarial_Stylometry\automation\modified_files\batch_control_flow_20260303_d327\modified_run_mlm_no_trainer.py,ollama/qwen3.5:9b,huggingface,1.0000,huggingface,1.0000,False,huggingface,1.0000,huggingface,1.0000,False,huggingface,0.8785,huggingface,0.8783,False,huggingface,1.0000,huggingface,1.0000,False,0.4039,0.0479,0.0011,0.0479,0.0024,0.0417,0.0147,0.0000,0.0153,high,100.0000,100.0000,0,0.0000,huggingface,failed,,batch=batch_control_flow_20260303_d327
control_flow_20260303_b823,2026-03-03T10:24:42.255293,,control_flow,Adopt varied Control Flow manipulation granularities across functions to evade model expectations without inflating stealth. Alternate between coarse block restructuring and micro-logic inversions wit,huggingface,benchmarks_entrypoint.py,C:\Users\ees10\Documents\Repos\Adversarial_Stylometry\dataset_splits\huggingface\testing\benchmarks_entrypoint.py,C:\Users\ees10\Documents\Repos\Adversarial_Stylometry\automation\modified_files\batch_control_flow_20260303_03cd\modified_benchmarks_entrypoint.py,ollama/qwen3.5:9b,huggingface,0.9800,huggingface,0.9800,False,huggingface,1.0000,huggingface,1.0000,False,huggingface,0.7527,huggingface,0.7428,False,huggingface,0.9999,huggingface,0.9999,False,2.1512,0.2310,0.0267,0.2310,0.0230,0.5500,0.0800,0.0002,0.0830,high,100.0000,100.0000,0,0.0000,huggingface,failed,,batch=batch_control_flow_20260303_03cd
control_flow_20260303_5680,2026-03-03T10:24:54.202223,,control_flow,Adopt varied Control Flow manipulation granularities across functions to evade model expectations without inflating stealth. Alternate between coarse block restructuring and micro-logic inversions wit,huggingface,modeling_my_new_model2.py,C:\Users\ees10\Documents\Repos\Adversarial_Stylometry\dataset_splits\huggingface\testing\modeling_my_new_model2.py,C:\Users\ees10\Documents\Repos\Adversarial_Stylometry\automation\modified_files\batch_control_flow_20260303_03cd\modified_modeling_my_new_model2.py,ollama/qwen3.5:9b,huggingface,0.9022,UNKNOWN,0.7507,True,huggingface,1.0000,UNKNOWN,0.6803,True,huggingface,0.8719,UNKNOWN,0.2927,True,huggingface,1.0000,UNKNOWN,0.2690,True,13.4941,1.4142,1.0000,1.4142,0.6929,2.6917,0.9998,0.0011,0.7440,low,100.0000,0.0000,4,100.0000,UNKNOWN,full_evasion,,batch=batch_control_flow_20260303_03cd
control_flow_20260303_acaf,2026-03-03T10:25:15.142350,,control_flow,Adopt varied Control Flow manipulation granularities across functions to evade model expectations without inflating stealth. Alternate between coarse block restructuring and micro-logic inversions wit,huggingface,preprocess.py,C:\Users\ees10\Documents\Repos\Adversarial_Stylometry\dataset_splits\huggingface\testing\preprocess.py,C:\Users\ees10\Documents\Repos\Adversarial_Stylometry\automation\modified_files\batch_control_flow_20260303_03cd\modified_preprocess.py,ollama/qwen3.5:9b,UNKNOWN,0.6847,UNKNOWN,0.6833,False,huggingface,0.9995,huggingface,0.9996,False,huggingface,0.7351,huggingface,0.7627,False,huggingface,0.9965,huggingface,0.9964,False,1.6977,0.3153,0.0497,0.3153,0.0603,0.3417,0.1249,0.0001,0.1223,high,75.0000,75.0000,0,0.0000,huggingface,failed,,batch=batch_control_flow_20260303_03cd
control_flow_20260303_b838,2026-03-03T10:27:41.504532,,control_flow,Adopt varied Control Flow manipulation granularities across functions to evade model expectations without inflating stealth. Alternate between coarse block restructuring and micro-logic inversions wit,huggingface,run_mlm.py,C:\Users\ees10\Documents\Repos\Adversarial_Stylometry\dataset_splits\huggingface\testing\run_mlm.py,C:\Users\ees10\Documents\Repos\Adversarial_Stylometry\automation\modified_files\batch_control_flow_20260303_03cd\modified_run_mlm.py,ollama/qwen3.5:9b,huggingface,1.0000,huggingface,1.0000,False,huggingface,1.0000,huggingface,1.0000,False,huggingface,0.8954,huggingface,0.8957,False,huggingface,1.0000,huggingface,1.0000,False,0.1364,0.0260,0.0003,0.0260,0.0006,0.0000,0.0087,0.0000,0.0080,high,100.0000,100.0000,0,0.0000,huggingface,failed,,batch=batch_control_flow_20260303_03cd
control_flow_20260303_953b,2026-03-03T10:28:59.184554,,control_flow,Adopt varied Control Flow manipulation granularities across functions to evade model expectations without inflating stealth. Alternate between coarse block restructuring and micro-logic inversions wit,huggingface,run_mlm_no_trainer.py,C:\Users\ees10\Documents\Repos\Adversarial_Stylometry\dataset_splits\huggingface\testing\run_mlm_no_trainer.py,C:\Users\ees10\Documents\Repos\Adversarial_Stylometry\automation\modified_files\batch_control_flow_20260303_03cd\modified_run_mlm_no_trainer.py,ollama/qwen3.5:9b,huggingface,1.0000,huggingface,1.0000,False,huggingface,1.0000,huggingface,1.0000,False,huggingface,0.8785,huggingface,0.8652,False,huggingface,1.0000,huggingface,1.0000,False,4.2328,0.2304,0.0265,0.2304,0.0413,0.9833,0.0756,0.0004,0.0873,high,100.0000,100.0000,0,0.0000,huggingface,failed,,batch=batch_control_flow_20260303_03cd
control_flow_20260303_e48c,2026-03-03T10:30:27.025600,,control_flow,Aggressively disrupt TF-IDF n-grams via maximum Control Flow variation within constraints. 1) Convert every eligible `for` loop to list comprehensions or generators immediately to alter token sequence,huggingface,benchmarks_entrypoint.py,C:\Users\ees10\Documents\Repos\Adversarial_Stylometry\dataset_splits\huggingface\testing\benchmarks_entrypoint.py,C:\Users\ees10\Documents\Repos\Adversarial_Stylometry\automation\modified_files\batch_control_flow_20260303_d610\modified_benchmarks_entrypoint.py,ollama/qwen3.5:9b,huggingface,0.9800,huggingface,0.9800,False,huggingface,1.0000,huggingface,1.0000,False,huggingface,0.7527,huggingface,0.7472,False,huggingface,0.9999,huggingface,0.9999,False,0.7464,0.0742,0.0028,0.0742,0.0032,0.1083,0.0301,0.0001,0.0239,high,100.0000,100.0000,0,0.0000,huggingface,failed,,batch=batch_control_flow_20260303_d610
control_flow_20260303_11c7,2026-03-03T10:30:50.168698,,control_flow,Aggressively disrupt TF-IDF n-grams via maximum Control Flow variation within constraints. 1) Convert every eligible `for` loop to list comprehensions or generators immediately to alter token sequence,huggingface,modeling_my_new_model2.py,C:\Users\ees10\Documents\Repos\Adversarial_Stylometry\dataset_splits\huggingface\testing\modeling_my_new_model2.py,C:\Users\ees10\Documents\Repos\Adversarial_Stylometry\automation\modified_files\batch_control_flow_20260303_d610\modified_modeling_my_new_model2.py,ollama/qwen3.5:9b,huggingface,0.9022,UNKNOWN,0.7507,True,huggingface,1.0000,UNKNOWN,0.6803,True,huggingface,0.8719,UNKNOWN,0.2927,True,huggingface,1.0000,UNKNOWN,0.2690,True,13.4941,1.4142,1.0000,1.4142,0.6929,2.6917,0.9998,0.0011,0.7440,low,100.0000,0.0000,4,100.0000,UNKNOWN,full_evasion,,batch=batch_control_flow_20260303_d610
control_flow_20260303_e092,2026-03-03T10:31:07.261303,,control_flow,Aggressively disrupt TF-IDF n-grams via maximum Control Flow variation within constraints. 1) Convert every eligible `for` loop to list comprehensions or generators immediately to alter token sequence,huggingface,preprocess.py,C:\Users\ees10\Documents\Repos\Adversarial_Stylometry\dataset_splits\huggingface\testing\preprocess.py,C:\Users\ees10\Documents\Repos\Adversarial_Stylometry\automation\modified_files\batch_control_flow_20260303_d610\modified_preprocess.py,ollama/qwen3.5:9b,UNKNOWN,0.6847,UNKNOWN,0.6949,False,huggingface,0.9995,huggingface,0.9991,False,huggingface,0.7351,huggingface,0.7002,False,huggingface,0.9965,huggingface,0.9963,False,1.2996,0.3250,0.0528,0.3250,0.0598,0.1583,0.1766,0.0001,0.1256,high,75.0000,75.0000,0,0.0000,huggingface,failed,,batch=batch_control_flow_20260303_d610
control_flow_20260303_6f19,2026-03-03T10:32:30.172887,,control_flow,Aggressively disrupt TF-IDF n-grams via maximum Control Flow variation within constraints. 1) Convert every eligible `for` loop to list comprehensions or generators immediately to alter token sequence,huggingface,run_mlm.py,C:\Users\ees10\Documents\Repos\Adversarial_Stylometry\dataset_splits\huggingface\testing\run_mlm.py,C:\Users\ees10\Documents\Repos\Adversarial_Stylometry\automation\modified_files\batch_control_flow_20260303_d610\modified_run_mlm.py,ollama/qwen3.5:9b,huggingface,1.0000,huggingface,1.0000,False,huggingface,1.0000,huggingface,1.0000,False,huggingface,0.8954,huggingface,0.8954,False,huggingface,1.0000,huggingface,1.0000,False,0.3782,0.0553,0.0015,0.0553,0.0019,0.0500,0.0405,0.0000,0.0175,high,100.0000,100.0000,0,0.0000,huggingface,failed,,batch=batch_control_flow_20260303_d610
control_flow_20260303_bed3,2026-03-03T10:34:39.095731,,control_flow,Aggressively disrupt TF-IDF n-grams via maximum Control Flow variation within constraints. 1) Convert every eligible `for` loop to list comprehensions or generators immediately to alter token sequence,huggingface,run_mlm_no_trainer.py,C:\Users\ees10\Documents\Repos\Adversarial_Stylometry\dataset_splits\huggingface\testing\run_mlm_no_trainer.py,C:\Users\ees10\Documents\Repos\Adversarial_Stylometry\automation\modified_files\batch_control_flow_20260303_d610\modified_run_mlm_no_trainer.py,ollama/qwen3.5:9b,huggingface,1.0000,huggingface,1.0000,False,huggingface,1.0000,huggingface,1.0000,False,huggingface,0.8785,huggingface,0.8786,False,huggingface,1.0000,huggingface,1.0000,False,0.0485,0.0121,0.0001,0.0121,0.0001,0.0000,0.0076,0.0000,0.0037,high,100.0000,100.0000,0,0.0000,huggingface,failed,,batch=batch_control_flow_20260303_d610
control_flow_20260303_4ccd,2026-03-03T10:36:24.724748,,control_flow,Prioritize selective Control Flow mutations to balance evasion and stealth. 1) Invert deep nested boolean operators (`and` ↔ `or`) to disrupt n-grams without expanding feature vectors. 2) Merge fragme,huggingface,benchmarks_entrypoint.py,C:\Users\ees10\Documents\Repos\Adversarial_Stylometry\dataset_splits\huggingface\testing\benchmarks_entrypoint.py,C:\Users\ees10\Documents\Repos\Adversarial_Stylometry\automation\modified_files\batch_control_flow_20260303_5cd1\modified_benchmarks_entrypoint.py,ollama/qwen3.5:9b,huggingface,0.9800,huggingface,0.9800,False,huggingface,1.0000,huggingface,1.0000,False,huggingface,0.7527,huggingface,0.7473,False,huggingface,0.9999,huggingface,0.9999,False,0.6124,0.0899,0.0040,0.0899,0.0018,0.0500,0.0637,0.0001,0.0287,high,100.0000,100.0000,0,0.0000,huggingface,failed,,batch=batch_control_flow_20260303_5cd1
control_flow_20260303_5a41,2026-03-03T10:36:39.144831,,control_flow,Prioritize selective Control Flow mutations to balance evasion and stealth. 1) Invert deep nested boolean operators (`and` ↔ `or`) to disrupt n-grams without expanding feature vectors. 2) Merge fragme,huggingface,modeling_my_new_model2.py,C:\Users\ees10\Documents\Repos\Adversarial_Stylometry\dataset_splits\huggingface\testing\modeling_my_new_model2.py,C:\Users\ees10\Documents\Repos\Adversarial_Stylometry\automation\modified_files\batch_control_flow_20260303_5cd1\modified_modeling_my_new_model2.py,ollama/qwen3.5:9b,huggingface,0.9022,UNKNOWN,0.7507,True,huggingface,1.0000,UNKNOWN,0.6803,True,huggingface,0.8719,UNKNOWN,0.2927,True,huggingface,1.0000,UNKNOWN,0.2690,True,13.4941,1.4142,1.0000,1.4142,0.6929,2.6917,0.9998,0.0011,0.7440,low,100.0000,0.0000,4,100.0000,UNKNOWN,full_evasion,,batch=batch_control_flow_20260303_5cd1
control_flow_20260303_9304,2026-03-03T10:37:04.415528,,control_flow,Prioritize selective Control Flow mutations to balance evasion and stealth. 1) Invert deep nested boolean operators (`and` ↔ `or`) to disrupt n-grams without expanding feature vectors. 2) Merge fragme,huggingface,preprocess.py,C:\Users\ees10\Documents\Repos\Adversarial_Stylometry\dataset_splits\huggingface\testing\preprocess.py,C:\Users\ees10\Documents\Repos\Adversarial_Stylometry\automation\modified_files\batch_control_flow_20260303_5cd1\modified_preprocess.py,ollama/qwen3.5:9b,UNKNOWN,0.6847,UNKNOWN,0.6847,False,huggingface,0.9995,huggingface,0.9995,False,huggingface,0.7351,huggingface,0.7341,False,huggingface,0.9965,huggingface,0.9965,False,0.0206,0.0113,0.0001,0.0113,0.0000,0.0083,0.0112,0.0000,0.0034,high,75.0000,75.0000,0,0.0000,huggingface,failed,,batch=batch_control_flow_20260303_5cd1
control_flow_20260303_9e2f,2026-03-03T10:38:26.339193,,control_flow,Prioritize selective Control Flow mutations to balance evasion and stealth. 1) Invert deep nested boolean operators (`and` ↔ `or`) to disrupt n-grams without expanding feature vectors. 2) Merge fragme,huggingface,run_mlm.py,C:\Users\ees10\Documents\Repos\Adversarial_Stylometry\dataset_splits\huggingface\testing\run_mlm.py,C:\Users\ees10\Documents\Repos\Adversarial_Stylometry\automation\modified_files\batch_control_flow_20260303_5cd1\modified_run_mlm.py,ollama/qwen3.5:9b,huggingface,1.0000,huggingface,1.0000,False,huggingface,1.0000,huggingface,1.0000,False,huggingface,0.8954,huggingface,0.8960,False,huggingface,1.0000,huggingface,1.0000,False,0.9612,0.0837,0.0035,0.0837,0.0082,0.1083,0.0208,0.0001,0.0280,high,100.0000,100.0000,0,0.0000,huggingface,failed,,batch=batch_control_flow_20260303_5cd1
control_flow_20260303_188c,2026-03-03T10:39:56.438110,,control_flow,Prioritize selective Control Flow mutations to balance evasion and stealth. 1) Invert deep nested boolean operators (`and` ↔ `or`) to disrupt n-grams without expanding feature vectors. 2) Merge fragme,huggingface,run_mlm_no_trainer.py,C:\Users\ees10\Documents\Repos\Adversarial_Stylometry\dataset_splits\huggingface\testing\run_mlm_no_trainer.py,C:\Users\ees10\Documents\Repos\Adversarial_Stylometry\automation\modified_files\batch_control_flow_20260303_5cd1\modified_run_mlm_no_trainer.py,ollama/qwen3.5:9b,huggingface,1.0000,huggingface,1.0000,False,huggingface,1.0000,huggingface,1.0000,False,huggingface,0.8785,huggingface,0.8785,False,huggingface,1.0000,huggingface,1.0000,False,0.0348,0.0164,0.0001,0.0164,0.0003,0.0083,0.0105,0.0000,0.0050,high,100.0000,100.0000,0,0.0000,huggingface,failed,,batch=batch_control_flow_20260303_5cd1
control_flow_20260303_2d6a,2026-03-03T10:41:37.368398,,control_flow,"Apply STRICT CONTROL FLOW transformations to evade detection while preserving functionality, variables, comments, and whitespace exactly. No renaming, formatting, or import style changes allowed. Sinc",huggingface,benchmarks_entrypoint.py,C:\Users\ees10\Documents\Repos\Adversarial_Stylometry\dataset_splits\huggingface\testing\benchmarks_entrypoint.py,C:\Users\ees10\Documents\Repos\Adversarial_Stylometry\automation\modified_files\batch_control_flow_20260303_81d0\modified_benchmarks_entrypoint.py,ollama/qwen3.5:9b,huggingface,0.9800,huggingface,0.9750,False,huggingface,1.0000,huggingface,1.0000,False,huggingface,0.7527,huggingface,0.7581,False,huggingface,0.9999,huggingface,0.9999,False,0.7565,0.0872,0.0038,0.0872,0.0044,0.1500,0.0412,0.0001,0.0285,high,100.0000,100.0000,0,0.0000,huggingface,failed,,batch=batch_control_flow_20260303_81d0
control_flow_20260303_11d2,2026-03-03T10:41:52.134628,,control_flow,"Apply STRICT CONTROL FLOW transformations to evade detection while preserving functionality, variables, comments, and whitespace exactly. No renaming, formatting, or import style changes allowed. Sinc",huggingface,modeling_my_new_model2.py,C:\Users\ees10\Documents\Repos\Adversarial_Stylometry\dataset_splits\huggingface\testing\modeling_my_new_model2.py,C:\Users\ees10\Documents\Repos\Adversarial_Stylometry\automation\modified_files\batch_control_flow_20260303_81d0\modified_modeling_my_new_model2.py,ollama/qwen3.5:9b,huggingface,0.9022,UNKNOWN,0.7507,True,huggingface,1.0000,UNKNOWN,0.6803,True,huggingface,0.8719,UNKNOWN,0.2927,True,huggingface,1.0000,UNKNOWN,0.2690,True,13.4941,1.4142,1.0000,1.4142,0.6929,2.6917,0.9998,0.0011,0.7440,low,100.0000,0.0000,4,100.0000,UNKNOWN,full_evasion,,batch=batch_control_flow_20260303_81d0
control_flow_20260303_3378,2026-03-03T10:42:46.960344,,control_flow,"Apply STRICT CONTROL FLOW transformations to evade detection while preserving functionality, variables, comments, and whitespace exactly. No renaming, formatting, or import style changes allowed. Sinc",huggingface,preprocess.py,C:\Users\ees10\Documents\Repos\Adversarial_Stylometry\dataset_splits\huggingface\testing\preprocess.py,C:\Users\ees10\Documents\Repos\Adversarial_Stylometry\automation\modified_files\batch_control_flow_20260303_81d0\modified_preprocess.py,ollama/qwen3.5:9b,UNKNOWN,0.6847,UNKNOWN,0.6847,False,huggingface,0.9995,huggingface,0.9986,False,huggingface,0.7351,huggingface,0.7073,False,huggingface,0.9965,huggingface,0.9958,False,0.8309,0.2292,0.0263,0.2292,0.0268,0.1667,0.1738,0.0001,0.0823,high,75.0000,75.0000,0,0.0000,huggingface,failed,,batch=batch_control_flow_20260303_81d0
control_flow_20260303_9ec1,2026-03-03T10:44:07.284371,,control_flow,"Apply STRICT CONTROL FLOW transformations to evade detection while preserving functionality, variables, comments, and whitespace exactly. No renaming, formatting, or import style changes allowed. Sinc",huggingface,run_mlm.py,C:\Users\ees10\Documents\Repos\Adversarial_Stylometry\dataset_splits\huggingface\testing\run_mlm.py,C:\Users\ees10\Documents\Repos\Adversarial_Stylometry\automation\modified_files\batch_control_flow_20260303_81d0\modified_run_mlm.py,ollama/qwen3.5:9b,huggingface,1.0000,huggingface,1.0000,False,huggingface,1.0000,huggingface,1.0000,False,huggingface,0.8954,huggingface,0.8936,False,huggingface,1.0000,huggingface,1.0000,False,1.2947,0.1388,0.0096,0.1388,0.0071,0.2667,0.0616,0.0001,0.0465,high,100.0000,100.0000,0,0.0000,huggingface,failed,,batch=batch_control_flow_20260303_81d0
control_flow_20260303_16e3,2026-03-03T10:45:39.412893,,control_flow,"Apply STRICT CONTROL FLOW transformations to evade detection while preserving functionality, variables, comments, and whitespace exactly. No renaming, formatting, or import style changes allowed. Sinc",huggingface,run_mlm_no_trainer.py,C:\Users\ees10\Documents\Repos\Adversarial_Stylometry\dataset_splits\huggingface\testing\run_mlm_no_trainer.py,C:\Users\ees10\Documents\Repos\Adversarial_Stylometry\automation\modified_files\batch_control_flow_20260303_81d0\modified_run_mlm_no_trainer.py,ollama/qwen3.5:9b,huggingface,1.0000,huggingface,1.0000,False,huggingface,1.0000,huggingface,1.0000,False,huggingface,0.8785,huggingface,0.8786,False,huggingface,1.0000,huggingface,1.0000,False,0.0307,0.0123,0.0001,0.0123,0.0002,0.0000,0.0082,0.0000,0.0037,high,100.0000,100.0000,0,0.0000,huggingface,failed,,batch=batch_control_flow_20260303_81d0
